#Columns: M_EDO [M_sun], f_EDO
10. 6.114840727735248
10.592537251772887 6.110675388560736
11.220184543019636 6.106510049386231
11.885022274370183 6.102344710211715
12.589254117941675 6.098179371037215
13.33521432163324 6.094014031862711
14.12537544622754 6.089848692688201
14.962356560944336 6.085683353513691
15.848931924611133 6.081518014339206
16.788040181225607 6.077352675164691
17.78279410038923 6.0731873359901805
18.836490894898002 6.069021996815675
19.952623149688797 6.064856657641168
21.134890398366466 6.060691318466661
22.3872113856834 6.056525979292155
23.71373705661655 6.052360640117648
25.118864315095795 6.048195300943142
26.6072505979881 6.044029961768636
28.183829312644534 6.039864622594131
29.853826189179603 6.035699283419623
31.622776601683793 6.031533944245117
33.49654391578277 6.027368605070612
35.48133892335755 6.023203265896106
37.583740428844415 6.019037926721598
39.810717055349734 6.014872587547091
42.169650342858226 6.0107072483725865
44.668359215096324 6.00654190919808
47.315125896148054 6.002376570023573
50.11872336272722 5.9982112308490665
53.08844442309885 5.99404589167456
56.23413251903491 5.989880552500054
59.56621435290106 5.985715213325547
63.09573444801933 5.981549874151041
66.83439175686145 5.977384534976536
70.79457843841381 5.973219195802029
74.98942093324558 5.969053856627522
79.43282347242817 5.964888517453016
84.13951416451951 5.960723178278508
89.12509381337455 5.956557839104003
94.40608762859236 5.952392499929497
100. 5.948227160754989
105.92537251772886 5.944061821580483
112.20184543019641 5.9398964824059775
118.85022274370189 5.935731143231472
125.89254117941675 5.931565804056964
133.3521432163324 5.927400464882458
141.2537544622754 5.923235125707952
149.62356560944343 5.919069786533445
158.48931924611142 5.914904447358939
167.88040181225605 5.910739108184433
177.82794100389228 5.906573769009926
188.36490894898 5.90240842983542
199.52623149688807 5.898243090660914
211.34890398366477 5.894077751486408
223.872113856834 5.889912412311902
237.13737056616552 5.885747073137395
251.18864315095797 5.881581733962888
266.0725059798811 5.877416394788383
281.8382931264455 5.873251055613875
298.538261891796 5.869085716439368
316.22776601683796 5.864920377264864
334.9654391578276 5.860755038090357
354.81338923357566 5.856589698915849
375.8374042884443 5.852424359741345
398.1071705534973 5.848259020566838
421.6965034285823 5.844093681392332
446.683592150963 5.839928342217824
473.1512589614808 5.8357630030433185
501.18723362727246 5.831597663868813
530.8844442309885 5.827432324694306
562.341325190349 5.823266985519799
595.6621435290103 5.819101646345294
630.9573444801937 5.814936307170788
668.3439175686149 5.810770967996281
707.945784384138 5.8066056288217744
749.8942093324558 5.802440289647269
794.3282347242813 5.798274950472762
841.3951416451956 5.794109611298254
891.2509381337459 5.7899442721237495
944.0608762859235 5.785920133323398
1000. 5.782460796019663
1059.2537251772887 5.780888852594314
1122.018454301964 5.776413622520655
1188.502227437019 5.7638465780099555
1258.9254117941675 5.746368871649281
1333.521432163324 5.728891165288606
1412.537544622754 5.711413458927931
1496.2356560944343 5.693882724136355
1584.893192461114 5.6761773150323265
1678.8040181225606 5.656516787966197
1778.2794100389228 5.633289589334108
1883.6490894898002 5.606583653777041
1995.262314968881 5.579717002379863
2113.489039836648 5.554571227522352
2238.72113856834 5.5318434168653
2371.373705661655 5.50802574015453
2511.886431509582 5.477165335296084
2660.7250597988113 5.437049949335387
2818.382931264455 5.3953935794364085
2985.3826189179604 5.353737209537432
3162.2776601683795 5.3133797379708465
3349.6543915782795 5.2748060929433676
3548.1338923357566 5.237205182553231
3758.374042884443 5.1984457740790235
3981.0717055349733 5.155052373268545
4216.965034285822 5.100869521271954
4466.835921509635 5.046686669275362
4731.512589614807 4.99250381727877
5011.872336272725 4.938320965282179
5308.8444423098845 4.884138113285587
5623.413251903491 4.829955261288997
5956.62143529011 4.775772409292404
6309.573444801937 4.721589557295813
6683.439175686149 4.667296410640072
7079.457843841381 4.612926402491722
7498.942093324558 4.558551396763612
7943.282347242822 4.504176391035501
8413.951416451957 4.44980138530739
8912.509381337459 4.39484689935718
9440.608762859236 4.339190218844768
10000. 4.2831300333327365
10592.537251772897 4.2267370635803445
11220.18454301963 4.169204688837533
11885.022274370189 4.1116723140947204
12589.254117941688 4.054139939351908
13335.21432163324 3.996607564609098
14125.375446227554 3.939075189866286
14962.356560944329 3.8808775620694904
15848.93192461114 3.8200189220567564
16788.040181225624 3.7581156445475763
17782.794100389227 3.696212367038398
18836.49089489802 3.634309089529218
19952.62314968879 3.5724058120200395
21134.890398366475 3.51050253451086
22387.211385683422 3.4485992570016792
23713.737056616552 3.386695979492501
25118.864315095823 3.3247927019833208
26607.250597988084 3.2628894244741424
28183.82931264455 3.2009861469649623
29853.826189179632 3.1390828694557826
31622.776601683792 3.0771795919466047
33496.54391578279 3.015008387385988
35481.33892335753 2.9526607114754615
37583.74042884443 2.8902688501676943
39810.71705534977 2.827876943820087
42169.65034285822 2.765485037472482
44668.359215096345 2.7030931311248745
47315.12589614803 2.6407012247772697
50118.72336272725 2.578309318429662
53088.4444230989 2.515917412082055
56234.13251903491 2.45352550573445
59566.214352901094 2.3911335993868432
63095.7344480193 2.3287416930392375
66834.39175686149 2.2663497866916305
70794.57843841388 2.203957880344023
74989.42093324558 2.141565973996418
79432.82347242821 2.082402431180742
84139.51416451948 2.028522736877707
89125.0938133746 1.9764082554336437
94406.08762859246 1.9242937739895805
100000. 1.8721792925455185
105925.37251772897 1.8199839699846125
112201.84543019629 1.7685456410552074
118850.22274370189 1.7183236436898905
125892.54117941688 1.6681016463245744
133352.1432163324 1.6178796489592593
141253.75446227554 1.5671522343956203
149623.5656094433 1.5159825978087342
158489.3192461114 1.4640833636593042
167880.40181225623 1.4114915336645757
177827.94100389228 1.359243434769232
188364.9089489802 1.3069953358738866
199526.2314968879 1.254747236978543
211348.90398366476 1.2024302624102685
223872.11385683424 1.142773103623915
237137.37056616554 1.0752244225673417
251188.6431509582 1.019875255046621
266072.50597988087 0.9810614586698412
281838.2931264455 0.94224766229306
298538.2618917963 0.9046436047441048
316227.7660168379 0.871197330346142
334965.43915782793 0.8425675330063469
354813.3892335753 0.8130959003045872
375837.4042884443 0.7836242676028264
398107.17055349774 0.7541526349010657
421696.5034285823 0.7247247405294783
446683.5921509635 0.6954491580428814
473151.2589614803 0.6663790540120273
501187.2336272725 0.6373919458148778
530884.444230989 0.6085865749700248
562341.3251903491 0.5799874953195798
595662.1435290109 0.5520693444479584
630957.3444801943 0.5302515530614909
668343.9175686149 0.517016890374152
707945.7843841388 0.5040300094933027
749894.2093324559 0.4910431286124539
794328.2347242822 0.47805624773160466
841395.1416451965 0.4650693668507554
891250.9381337459 0.4520824859699065
944060.8762859246 0.43921719309078067
1.e6 0.42683825221854865
1.0592537251772897e6 0.41781972115028393
1.1220184543019652e6 0.4088011900820193
1.1885022274370189e6 0.399782659013755
1.2589254117941686e6 0.39098230896144837
1.333521432163324e6 0.3825852433067003
1.4125375446227554e6 0.3744922291464361
1.4962356560944358e6 0.3663992149861719
1.5848931924611141e6 0.3583062008259079
1.6788040181225624e6 0.3502131866656437
1.778279410038923e6 0.34212017250537974
1.883649089489802e6 0.3340271583451157
1.9952623149688828e6 0.32593414418485134
2.1134890398366475e6 0.3178411300245874
2.238721138568342e6 0.3107459396643485
2.3713737056616554e6 0.3066714180577311
2.5118864315095823e6 0.30441384737029437
2.660725059798814e6 0.30208951676921547
2.818382931264455e6 0.29968129221294415
2.9853826189179635e6 0.29727306765667255
3.1622776601683795e6 0.29486596533226006
3.3496543915782794e6 0.2924769340616602
3.5481338923357604e6 0.2901293190222637
3.7583740428844434e6 0.28782968853171786
3.9810717055349774e6 0.28554466083274765
4.216965034285823e6 0.28325963313377733
4.466835921509635e6 0.28097460543480707
4.731512589614812e6 0.2786895777358368
5.011872336272725e6 0.2764045500368666
5.30884444230989e6 0.27411952233789627
5.623413251903491e6 0.27183449463892606
5.956621435290109e6 0.26954946693995574
6.309573444801942e6 0.26726443924098553
6.683439175686149e6 0.2655063135695183
7.079457843841388e6 0.2641625278246774
7.498942093324558e6 0.26291334994227267
7.943282347242822e6 0.2616641720598679
8.413951416451965e6 0.26041499417746317
8.912509381337458e6 0.2591658162950585
9.440608762859246e6 0.2579166384126538
1.e7 0.2566801621827579
1.0592537251772897e7 0.2554788549699091
1.1220184543019652e7 0.254342013910195
1.188502227437019e7 0.25320517285048094
1.2589254117941687e7 0.25206833179076693
1.333521432163324e7 0.2509314907310528
1.4125375446227554e7 0.24979464967133883
1.4962356560944358e7 0.2487578817610156
1.5848931924611142e7 0.24812140644825584
1.6788040181225624e7 0.2478459955789381
1.7782794100389227e7 0.24757058470962034
1.883649089489802e7 0.24729517384030258
1.995262314968883e7 0.24701976297098482
2.1134890398366477e7 0.24678766571246188
2.2387211385683425e7 0.24672882289711823
2.3713737056616552e7 0.24668284124650916
2.5118864315095823e7 0.2466368595959001
2.660725059798814e7 0.24659087794529094
2.818382931264455e7 0.24656042165413017
2.9853826189179633e7 0.24657378240334954
3.162277660168379e7 0.2466692591573995
3.3496543915782794e7 0.24676473591144957
3.5481338923357606e7 0.2468602126654996
3.758374042884443e7 0.24695568941954948
3.9810717055349775e7 0.2470511661735995
4.2169650342858225e7 0.24714664292764948
4.466835921509635e7 0.2472421196816995
4.731512589614812e7 0.2473375964357494
5.011872336272725e7 0.24743307318979949
5.30884444230989e7 0.24752854994384943
5.623413251903491e7 0.2476240266978994
5.956621435290109e7 0.24771950345194949
6.309573444801943e7 0.2478149802059995
6.6834391756861486e7 0.24791045696004937
7.079457843841387e7 0.24800593371409946
7.498942093324558e7 0.2481014104681494
7.943282347242822e7 0.2481968872221994
8.413951416451965e7 0.2482923639762494
8.91250938133746e7 0.24838784073029935
9.440608762859245e7 0.24848331748434926
1.e8 0.24857879423839932