#Columns: M_EDO [M_sun], f_EDO
10. 2.6939345043380625
10.592537251772887 2.6441045008787647
11.220184543019636 2.594274497419466
11.885022274370183 2.5444444939601683
12.589254117941675 2.4946144905008696
13.33521432163324 2.444784487041571
14.12537544622754 2.394954483582273
14.962356560944336 2.3451244801229745
15.848931924611133 2.2952944766636767
16.788040181225607 2.245464473204378
17.78279410038923 2.1956344697450803
18.836490894898002 2.145804466285782
19.952623149688797 2.095974462826484
21.134890398366466 2.046144459367185
22.3872113856834 1.996314455907887
23.71373705661655 1.946484452448589
25.118864315095795 1.896654448989291
26.6072505979881 1.8468244455299923
28.183829312644534 1.7969944420706943
29.853826189179603 1.7471644386113958
31.622776601683793 1.6973344351520976
33.49654391578277 1.6475044316927991
35.48133892335755 1.5976744282335011
37.583740428844415 1.547844424774203
39.810717055349734 1.4980144213149045
42.169650342858226 1.4481844178556065
44.668359215096324 1.3983544143963078
47.315125896148054 1.3485244109370098
50.11872336272722 1.2986944074777118
53.08844442309885 1.2488644040184131
56.23413251903491 1.1990344005591151
59.56621435290106 1.1498218875937936
63.09573444801933 1.1030793366043803
66.83439175686145 1.0654185294191854
70.79457843841381 1.02775772223399
74.98942093324558 0.9905893603601137
79.43282347242817 0.9535797725887669
84.13951416451951 0.915615344493864
89.12509381337455 0.8748486917348324
94.40608762859236 0.812246977603396
100. 0.7744962981969012
105.92537251772886 0.7445173071108332
112.20184543019641 0.7165478526530042
118.85022274370189 0.6892077767750489
125.89254117941675 0.6585637140039196
133.3521432163324 0.6237787974823523
141.2537544622754 0.5953707937799868
149.62356560944343 0.5691665041432448
158.48931924611142 0.5459586231027596
167.88040181225605 0.5271917652244673
177.82794100389228 0.5106484918607035
188.36490894898 0.4941052184969397
199.52623149688807 0.47840013054951225
211.34890398366477 0.46413350967695544
223.872113856834 0.4506710130068977
237.13737056616552 0.43699398183232974
251.18864315095797 0.42254975030787045
266.0725059798811 0.4077940587712249
281.8382931264455 0.3938438106933506
298.538261891796 0.38218731639881837
316.22776601683796 0.372455219443159
334.9654391578276 0.36367976364032434
354.81338923357566 0.35555406009014734
375.8374042884443 0.3487084105717455
398.1071705534973 0.34189346588821834
421.6965034285823 0.33548369851101634
446.683592150963 0.32947138590442154
473.1512589614808 0.323679518837709
501.18723362727246 0.3179747096973095
530.8844442309885 0.31277277358927624
562.341325190349 0.3081475554286506
595.6621435290103 0.30377572874177583
630.9573444801937 0.29947671004616705
668.3439175686149 0.29525007629938044
707.945784384138 0.2913129823478823
749.8942093324558 0.28832565842776076
794.3282347242813 0.28533833450763924
841.3951416451956 0.28235101058751766
891.2509381337459 0.27936368666739614
944.0608762859235 0.2767870824248054
1000. 0.2758533568923375
1059.2537251772887 0.27495112561828683
1122.018454301964 0.27404889434423624
1188.502227437019 0.2734238845941751
1258.9254117941675 0.2729932474712832
1333.521432163324 0.2725769477651555
1412.537544622754 0.27216064805902795
1496.2356560944343 0.2717443483529004
1584.893192461114 0.27132804864677273
1678.8040181225606 0.2709117489406452
1778.2794100389228 0.27049544923451757
1883.6490894898002 0.27007914952838996
1995.262314968881 0.26966284982226235
2113.489039836648 0.26924655011613474
2238.72113856834 0.26898998291695464
2371.373705661655 0.26886709093305694
2511.886431509582 0.2688066936748563
2660.7250597988113 0.2687462964166557
2818.382931264455 0.26868589915845503
2985.3826189179604 0.2686255019002544
3162.2776601683795 0.2685651046420538
3349.6543915782795 0.2685047073838532
3548.1338923357566 0.2684443101256525
3758.374042884443 0.2684024388292687
3981.0717055349733 0.26843467138015187
4216.965034285822 0.2684824731007859
4466.835921509635 0.2685302748214199
4731.512589614807 0.2685780765420539
5011.872336272725 0.2686258782626879
5308.8444423098845 0.2686736799833219
5623.413251903491 0.2687214817039559
5956.62143529011 0.2687692834245899
6309.573444801937 0.26885899547660685
6683.439175686149 0.26895942548823315
7079.457843841381 0.2690600157510352
7498.942093324558 0.2691606060138373
7943.282347242822 0.26926119627663936
8413.951416451957 0.2692439295391209
8912.509381337459 0.26911827623346374
9440.608762859236 0.26896552628577186
10000. 0.26881277633808
10592.537251772897 0.26866002639038805
11220.18454301963 0.26850727644269623
11885.022274370189 0.2683545264950043
12589.254117941688 0.2682017765473124
13335.21432163324 0.2680490265996206
14125.375446227554 0.26791535027381225
14962.356560944329 0.267810319698909
15848.93192461114 0.2677054303963246
16788.040181225624 0.2676005410937402
17782.794100389227 0.26749565179115575
18836.49089489802 0.267565083164067
19952.62314968879 0.26776720312425584
21134.890398366475 0.2679940352898652
22387.211385683422 0.2682208674554746
23713.737056616552 0.26844769962108395
25118.864315095823 0.26867453178669337
26607.250597988084 0.2689013639523028
28183.82931264455 0.2691281961179121
29853.826189179632 0.2693550282835215
31622.776601683792 0.2695818604491309
33496.54391578279 0.2698086926147403
35481.33892335753 0.27003552478034965
37583.74042884443 0.270262356945959
39810.71705534977 0.2704891891115684
42169.65034285822 0.27071602127717775
44668.359215096345 0.2709428534427871
47315.12589614803 0.2711696856083965
50118.72336272725 0.271396517774006
53088.4444230989 0.27162334993961534
56234.13251903491 0.2718501821052247
59566.214352901094 0.2720752747304158
63095.7344480193 0.27229340919393374
66834.39175686149 0.2724838467828353
70794.57843841388 0.2726527470402611
74989.42093324558 0.27277607987174146
79432.82347242821 0.27285859482388736
84139.51416451948 0.27292006605010766
89125.0938133746 0.272981537276328
94406.08762859246 0.27304300850254837
100000. 0.27310447972876867
105925.37251772897 0.27316595095498897
112201.84543019629 0.2732274221812093
118850.22274370189 0.2732888934074296
125892.54117941688 0.2733503646336499
133352.1432163324 0.2734118358598703
141253.75446227554 0.2734733070860906
149623.5656094433 0.2735347783123109
158489.3192461114 0.27359624953853123
167880.40181225623 0.27365668565640566
177827.94100389228 0.2737129813408965
188364.9089489802 0.27355843944327896
199526.2314968879 0.2734038975456614
211348.90398366476 0.27324935564804387
223872.11385683424 0.27309481375042627
237137.37056616554 0.2729402718528087
251188.6431509582 0.2727857299551912
266072.50597988087 0.27263118805757364
281838.2931264455 0.27247664615995604
298538.2618917963 0.2722972945184631
316227.7660168379 0.2720908658310725
334965.43915782793 0.271868631318711
354813.3892335753 0.2716463968063495
375837.4042884443 0.2714241622939879
398107.17055349774 0.27120192778162644
421696.5034285823 0.2709796932692649
446683.5921509635 0.2707574587569034
473151.2589614803 0.27053522424454185
501187.2336272725 0.2703129897321803
530884.444230989 0.27009075521981885
562341.3251903491 0.2698685207074573
595662.1435290109 0.2696888358556665
630957.3444801943 0.26959920730290793
668343.9175686149 0.26960396656798624
707945.7843841388 0.2696161379525023
749894.2093324559 0.26963380077265986
794328.2347242822 0.26965146359281744
841395.1416451965 0.269669126412975
891250.9381337459 0.2697326064303224
944060.8762859246 0.26988625164997154
1.e6 0.27012565449568987
1.0592537251772897e6 0.27036505734140825
1.1220184543019652e6 0.2706044601871266
1.1885022274370189e6 0.2708438630328449
1.2589254117941686e6 0.27108326587856324
1.333521432163324e6 0.27132266872428157
1.4125375446227554e6 0.27156207156999995
1.4962356560944358e6 0.27180147441571834
1.5848931924611141e6 0.2720408772614366
1.6788040181225624e6 0.272280280107155
1.778279410038923e6 0.2725196829528733
1.883649089489802e6 0.27276496441688264
1.9952623149688828e6 0.2730337603540557
2.1134890398366475e6 0.2733219510295365
2.238721138568342e6 0.27361014170501724
2.3713737056616554e6 0.273898332380498
2.5118864315095823e6 0.27418652305597874
2.660725059798814e6 0.2744747137314595
2.818382931264455e6 0.27476290440694023
2.9853826189179635e6 0.275051095082421
3.1622776601683795e6 0.2753392857579018
3.3496543915782794e6 0.27562747643338253
3.5481338923357604e6 0.2759156671088633
3.7583740428844434e6 0.27618920956529397
3.9810717055349774e6 0.2764041591455244
4.216965034285823e6 0.27659658018365196
4.466835921509635e6 0.2767890012217795
4.731512589614812e6 0.2769814222599071
5.011872336272725e6 0.27715270487001675
5.30884444230989e6 0.2772686829593979
5.623413251903491e6 0.2772902735339722
5.956621435290109e6 0.2773118641085465
6.309573444801942e6 0.2773334546831209
6.683439175686149e6 0.2773550452576952
7.079457843841388e6 0.2773884571143078
7.498942093324558e6 0.2774407653193968
7.943282347242822e6 0.2774977312261614
8.413951416451965e6 0.27755469713292596
8.912509381337458e6 0.2776116630396905
9.440608762859246e6 0.27766862894645505
1.e7 0.2777334657915632
1.0592537251772897e7 0.2778197372908253
1.1220184543019652e7 0.27794452177664153
1.188502227437019e7 0.27806930626245774
1.2589254117941687e7 0.27819409074827395
1.333521432163324e7 0.2782979987874175
1.4125375446227554e7 0.27836072397346256
1.4962356560944358e7 0.27838255132653256
1.5848931924611142e7 0.27840437867960255
1.6788040181225624e7 0.2782182208368965
1.7782794100389227e7 0.27803094577101084
1.883649089489802e7 0.2778433913993303
1.995262314968883e7 0.2776558370276497
2.1134890398366477e7 0.27746828265596907
2.2387211385683425e7 0.2772807282842885
2.3713737056616552e7 0.2770931739126079
2.5118864315095823e7 0.2769056195409273
2.660725059798814e7 0.2767180651692467
2.818382931264455e7 0.2765305107975661
2.9853826189179633e7 0.27634295642588547
3.162277660168379e7 0.2761554020542049
3.3496543915782794e7 0.27596784768252425
3.5481338923357606e7 0.2757802933108437
3.758374042884443e7 0.2755927389391631
3.9810717055349775e7 0.27540518456748253
4.2169650342858225e7 0.27521509568405356
4.466835921509635e7 0.2750148687536316
4.731512589614812e7 0.2747631443659828
5.011872336272725e7 0.27448616125493497
5.30884444230989e7 0.274183082879494
5.623413251903491e7 0.2738668174483574
5.956621435290109e7 0.2735505520172208
6.309573444801943e7 0.2732342865860842
6.6834391756861486e7 0.27291802115494757
7.079457843841387e7 0.272601755723811
7.498942093324558e7 0.27228549029267435
7.943282347242822e7 0.2719692248615378
8.413951416451965e7 0.2716529594304012
8.91250938133746e7 0.27133669399926463
9.440608762859245e7 0.27102042856812797
1.e8 0.2707041631369914