#Columns: M_EDO [M_sun], f_EDO
10. 2.5062022909181025
10.592537251772887 2.4640765556794646
11.220184543019636 2.421950820440827
11.885022274370183 2.3798250852021887
12.589254117941675 2.337699349963551
13.33521432163324 2.2955736147249133
14.12537544622754 2.2534478794862753
14.962356560944336 2.2113221442476374
15.848931924611133 2.169196409009
16.788040181225607 2.127070673770362
17.78279410038923 2.084944938531724
18.836490894898002 2.0428192032930865
19.952623149688797 2.0006934680544486
21.134890398366466 1.9585677328158106
22.3872113856834 1.9164419975771727
23.71373705661655 1.8743162623385352
25.118864315095795 1.8321905270998975
26.6072505979881 1.7900647918612593
28.183829312644534 1.7479390566226218
29.853826189179603 1.7058133213839837
31.622776601683793 1.663687586145346
33.49654391578277 1.621561850906708
35.48133892335755 1.5794361156680703
37.583740428844415 1.5373103804294326
39.810717055349734 1.4951846451907946
42.169650342858226 1.453058909952157
44.668359215096324 1.4109331747135188
47.315125896148054 1.3688074394748813
50.11872336272722 1.3266817042362435
53.08844442309885 1.2845559689976054
56.23413251903491 1.2424302337589679
59.56621435290106 1.2005092444091898
63.09573444801933 1.1594072386148522
66.83439175686145 1.12131653376479
70.79457843841381 1.0832258289147272
74.98942093324558 1.045276960834034
79.43282347242817 1.007373823731471
84.13951416451951 0.9691956683402905
89.12509381337455 0.930210401003332
94.40608762859236 0.8573390533516789
100. 0.8182016297298615
105.92537251772886 0.7886794848293732
112.20184543019641 0.760266918105084
118.85022274370189 0.7311971424279682
125.89254117941675 0.6975682527378345
133.3521432163324 0.6592471726169513
141.2537544622754 0.6279022087882636
149.62356560944343 0.5986339378873862
158.48931924611142 0.5730410421893104
167.88040181225605 0.553039843991032
177.82794100389228 0.534683839994184
188.36490894898 0.516327835997336
199.52623149688807 0.4991447639579431
211.34890398366477 0.4832369839274909
223.872113856834 0.4679168265075987
237.13737056616552 0.4523041174216893
251.18864315095797 0.435923702086659
266.0725059798811 0.41945357834969843
281.8382931264455 0.4041105684401833
298.538261891796 0.3919773699430098
316.22776601683796 0.38252966052880044
334.9654391578276 0.37440717541804736
354.81338923357566 0.36718478484525674
375.8374042884443 0.36033108237713946
398.1071705534973 0.35348622368209204
421.6965034285823 0.3467753783083992
446.683592150963 0.3401963199518076
473.1512589614808 0.3337132898360048
501.18723362727246 0.3273508600930983
530.8844442309885 0.3216850547449053
562.341325190349 0.3161853588277851
595.6621435290103 0.3107586460972168
630.9573444801937 0.305352903919171
668.3439175686149 0.30004845510421346
707.945784384138 0.2951491797416087
749.8942093324558 0.291578984556638
794.3282347242813 0.2880087893716672
841.3951416451956 0.2844385941866964
891.2509381337459 0.28086839900172567
944.0608762859235 0.27787299505901
1000. 0.2771767560853141
1059.2537251772887 0.2765860285061046
1122.018454301964 0.275995300926895
1188.502227437019 0.27549649373819185
1258.9254117941675 0.2750621361186853
1333.521432163324 0.2746325324624673
1412.537544622754 0.27420292880624925
1496.2356560944343 0.2737733251500313
1584.893192461114 0.2733437214938132
1678.8040181225606 0.2729141178375952
1778.2794100389228 0.2724845141813772
1883.6490894898002 0.2720549105251592
1995.262314968881 0.27162530686894115
2113.489039836648 0.2711957032127231
2238.72113856834 0.27098962451696307
2371.373705661655 0.27097060697601266
2511.886431509582 0.2710390427115256
2660.7250597988113 0.2711074784470386
2818.382931264455 0.2711759141825516
2985.3826189179604 0.27124434991806456
3162.2776601683795 0.2713127856535775
3349.6543915782795 0.2713812213890905
3548.1338923357566 0.2714496571246035
3758.374042884443 0.27152342880811553
3981.0717055349733 0.27161854428362353
4216.965034285822 0.2717181440758434
4466.835921509635 0.27181774386806334
4731.512589614807 0.27191734366028314
5011.872336272725 0.272016943452503
5308.8444423098845 0.2721165432447229
5623.413251903491 0.27221614303694275
5956.62143529011 0.2723157428291626
6309.573444801937 0.27242923913984735
6683.439175686149 0.27254628928364916
7079.457843841381 0.2726633925631182
7498.942093324558 0.2727804958425873
7943.282347242822 0.27289759912205636
8413.951416451957 0.27285143641542803
8912.509381337459 0.2726551270066204
9440.608762859236 0.2724212809222679
10000. 0.2721874348379154
10592.537251772897 0.2719535887535629
11220.18454301963 0.27171974266921045
11885.022274370189 0.27148589658485794
12589.254117941688 0.2712520505005055
13335.21432163324 0.271018204416153
14125.375446227554 0.2707898520198222
14962.356560944329 0.2705697503280288
15848.93192461114 0.270349689326255
16788.040181225624 0.27012962832448106
17782.794100389227 0.2699095673227072
18836.49089489802 0.2699334455343209
19952.62314968879 0.2701430042426052
21134.890398366475 0.27038714448250767
22387.211385683422 0.27063128472241016
23713.737056616552 0.27087542496231265
25118.864315095823 0.27111956520221514
26607.250597988084 0.27136370544211763
28183.82931264455 0.2716078456820201
29853.826189179632 0.2718519859219226
31622.776601683792 0.2720961261618251
33496.54391578279 0.2723402664017276
35481.33892335753 0.2725844066416301
37583.74042884443 0.2728285468815326
39810.71705534977 0.27307268712143506
42169.65034285822 0.27331682736133756
44668.359215096345 0.27356096760124005
47315.12589614803 0.27380510784114254
50118.72336272725 0.274049248081045
53088.4444230989 0.2742933883209475
56234.13251903491 0.27453752856085
59566.214352901094 0.2747811677688868
63095.7344480193 0.27502280284946046
66834.39175686149 0.2752562954573382
70794.57843841388 0.27548264677296974
74989.42093324558 0.2756515475755409
79432.82347242821 0.27576390382579985
84139.51416451948 0.27584710843758986
89125.0938133746 0.2759303130493798
94406.08762859246 0.27601351766116977
100000. 0.2760967222729598
105925.37251772897 0.2761799268847497
112201.84543019629 0.2762631314965397
118850.22274370189 0.2763463361083296
125892.54117941688 0.2764295407201196
133352.1432163324 0.2765127453319095
141253.75446227554 0.2765959499436995
149623.5656094433 0.2766791545554894
158489.3192461114 0.27676235916727937
167880.40181225623 0.27684411527897057
177827.94100389228 0.2769200773902668
188364.9089489802 0.27670099960577443
199526.2314968879 0.27648192182128206
211348.90398366476 0.2762628440367896
223872.11385683424 0.2760437662522972
237137.37056616554 0.2758246884678047
251188.6431509582 0.27560561068331235
266072.50597988087 0.27538653289882
281838.2931264455 0.2751674551143275
298538.2618917963 0.2749412314928471
316227.7660168379 0.2747072089937535
334965.43915782793 0.27446863401522803
354813.3892335753 0.27423005903670256
375837.4042884443 0.2739914840581771
398107.17055349774 0.27375290907965155
421696.5034285823 0.2735143341011261
446683.5921509635 0.2732757591226006
473151.2589614803 0.2730371841440751
501187.2336272725 0.27279860916554965
530884.444230989 0.2725600341870241
562341.3251903491 0.27232145920849865
595662.1435290109 0.2721418277994879
630957.3444801943 0.2720869503756098
668343.9175686149 0.27216087478272777
707945.7843841388 0.27223725688109357
749894.2093324559 0.27231545981537914
794328.2347242822 0.2723936627496647
841395.1416451965 0.2724718656839502
891250.9381337459 0.2726141838530482
944060.8762859246 0.27288267654769754
1.e6 0.2732711759356769
1.0592537251772897e6 0.2736596753236563
1.1220184543019652e6 0.2740481747116357
1.1885022274370189e6 0.27443667409961503
1.2589254117941686e6 0.2748251734875944
1.333521432163324e6 0.27521367287557374
1.4125375446227554e6 0.2756021722635531
1.4962356560944358e6 0.27599067165153246
1.5848931924611141e6 0.2763791710395118
1.6788040181225624e6 0.2767676704274912
1.778279410038923e6 0.27715616981547053
1.883649089489802e6 0.2775463623949731
1.9952623149688828e6 0.27794332774056824
2.1134890398366475e6 0.2783458792638792
2.238721138568342e6 0.27874843078719014
2.3713737056616554e6 0.27915098231050106
2.5118864315095823e6 0.279553533833812
2.660725059798814e6 0.2799560853571229
2.818382931264455e6 0.28035863688043383
2.9853826189179635e6 0.28076118840374475
3.1622776601683795e6 0.2811637399270557
3.3496543915782794e6 0.2815662914503667
3.5481338923357604e6 0.28196884297367764
3.7583740428844434e6 0.2823511024827571
3.9810717055349774e6 0.28265219393491087
4.216965034285823e6 0.28292207684933024
4.466835921509635e6 0.28319195976374956
4.731512589614812e6 0.283461842678169
5.011872336272725e6 0.28370214509969344
5.30884444230989e6 0.283865056005582
5.623413251903491e6 0.28389588380629605
5.956621435290109e6 0.28392671160701016
6.309573444801942e6 0.2839575394077243
6.683439175686149e6 0.28398836720843834
7.079457843841388e6 0.2840231146790454
7.498942093324558e6 0.2840641277516377
7.943282347242822e6 0.284106685212814
8.413951416451965e6 0.2841492426739904
8.912509381337458e6 0.28419180013516665
9.440608762859246e6 0.284234357596343
1.e7 0.2842791820878695
1.0592537251772897e7 0.28433018030473745
1.1220184543019652e7 0.28439227124086985
1.188502227437019e7 0.2844543621770024
1.2589254117941687e7 0.28451645311313484
1.333521432163324e7 0.2845496241408787
1.4125375446227554e7 0.2845257450222321
1.4962356560944358e7 0.28444521059238836
1.5848931924611142e7 0.2843646761625447
1.6788040181225624e7 0.28399309338224243
1.7782794100389227e7 0.2836199471927641
1.883649089489802e7 0.28324641015099183
1.995262314968883e7 0.2828728731092196
2.1134890398366477e7 0.28249933606744726
2.2387211385683425e7 0.28212579902567503
2.3713737056616552e7 0.2817522619839028
2.5118864315095823e7 0.2813787249421305
2.660725059798814e7 0.2810051879003582
2.818382931264455e7 0.280631650858586
2.9853826189179633e7 0.28025811381681365
3.162277660168379e7 0.2798845767750414
3.3496543915782794e7 0.2795110397332691
3.5481338923357606e7 0.27913750269149684
3.758374042884443e7 0.27876396564972455
3.9810717055349775e7 0.2783904286079523
4.2169650342858225e7 0.2780161615623602
4.466835921509635e7 0.277638974501489
4.731512589614812e7 0.277246954863688
5.011872336272725e7 0.2768465600042047
5.30884444230989e7 0.2764375125449562
5.623413251903491e7 0.2760240925561446
5.956621435290109e7 0.27561067256733296
6.309573444801943e7 0.27519725257852135
6.6834391756861486e7 0.27478383258970973
7.079457843841387e7 0.2743704126008981
7.498942093324558e7 0.2739569926120865
7.943282347242822e7 0.2735435726232749
8.413951416451965e7 0.2731301526344633
8.91250938133746e7 0.27271673264565166
9.440608762859245e7 0.27230331265684005
1.e8 0.27188989266802843