#Columns: M_EDO [M_sun], f_EDO
10. 2.705192316829989
10.592537251772887 2.666028343851284
11.220184543019636 2.6268643708725787
11.885022274370183 2.5877003978938733
12.589254117941675 2.548536424915168
13.33521432163324 2.509372451936463
14.12537544622754 2.4702084789577574
14.962356560944336 2.431044505979052
15.848931924611133 2.3918805330003456
16.788040181225607 2.3527165600216415
17.78279410038923 2.3135525870429365
18.836490894898002 2.274388614064231
19.952623149688797 2.2352246410855257
21.134890398366466 2.1960606681068207
22.3872113856834 2.156896695128115
23.71373705661655 2.1177327221494098
25.118864315095795 2.0785687491707048
26.6072505979881 2.0394047761919993
28.183829312644534 2.000240803213294
29.853826189179603 1.9610768302345885
31.622776601683793 1.9219128572558832
33.49654391578277 1.8827488842771778
35.48133892335755 1.8435849112984726
37.583740428844415 1.8044209383197676
39.810717055349734 1.765256965341062
42.169650342858226 1.7260929923623567
44.668359215096324 1.6869290193836513
47.315125896148054 1.647765046404946
50.11872336272722 1.6086010734262408
53.08844442309885 1.5694371004475358
56.23413251903491 1.5302731274688304
59.56621435290106 1.491109154490125
63.09573444801933 1.4519451815114197
66.83439175686145 1.4127812085327145
70.79457843841381 1.373617235554009
74.98942093324558 1.3344532625753038
79.43282347242817 1.2952892895965982
84.13951416451951 1.2561253166178932
89.12509381337455 1.2169613436391873
94.40608762859236 1.144810649822953
100. 1.104726513626738
105.92537251772886 1.073528415022473
112.20184543019641 1.0429099152095058
118.85022274370189 1.011234721440067
125.89254117941675 0.9753327518447398
133.3521432163324 0.9353492517016144
141.2537544622754 0.9014098070482615
149.62356560944343 0.8691521095366561
158.48931924611142 0.8402578486766661
167.88040181225605 0.8165382923872637
177.82794100389228 0.7940198675477463
188.36490894898 0.7715014427082286
199.52623149688807 0.7501533116990857
211.34890398366477 0.7298490581447272
223.872113856834 0.7099684199204453
237.13737056616552 0.6898085015138133
251.18864315095797 0.6689949863860858
266.0725059798811 0.648181471258358
281.8382931264455 0.6284925348839038
298.538261891796 0.6120061905001057
316.22776601683796 0.5981619992419817
334.9654391578276 0.5855726657348229
354.81338923357566 0.5738356336868344
375.8374042884443 0.5620986016388463
398.1071705534973 0.5503615695908581
421.6965034285823 0.5386245375428699
446.683592150963 0.5268875054948816
473.1512589614808 0.5151790226351897
501.18723362727246 0.5035847365286841
530.8844442309885 0.492650085563896
562.341325190349 0.4817154345991079
595.6621435290103 0.47078078363431974
630.9573444801937 0.45984613266953134
668.3439175686149 0.4490125472415176
707.945784384138 0.4385832239606015
749.8942093324558 0.4294799915258531
794.3282347242813 0.42037675909110456
841.3951416451956 0.41127352665635586
891.2509381337459 0.4021702942216074
944.0608762859235 0.393597754690834
1000. 0.38714798677596096
1059.2537251772887 0.3806126570810748
1122.018454301964 0.3743862884553087
1188.502227437019 0.36902103205938264
1258.9254117941675 0.36417835697182965
1333.521432163324 0.35933568188427667
1412.537544622754 0.3544930067967237
1496.2356560944343 0.3496559748724851
1584.893192461114 0.3448375313857178
1678.8040181225606 0.34019874720754006
1778.2794100389228 0.3358865272794487
1883.6490894898002 0.3318928203106094
1995.262314968881 0.3279138284751462
2113.489039836648 0.3237123236341407
2238.72113856834 0.3194765268337081
2371.373705661655 0.3155181771539024
2511.886431509582 0.31234870492953004
2660.7250597988113 0.31011752576699003
2818.382931264455 0.30805033456111486
2985.3826189179604 0.3059831433552396
3162.2776601683795 0.3037970250903369
3349.6543915782795 0.30144757976678727
3548.1338923357566 0.29900907091397755
3758.374042884443 0.2966838236248359
3981.0717055349733 0.294811622590366
4216.965034285822 0.293977856683972
4466.835921509635 0.293144090777578
4731.512589614807 0.292310324871184
5011.872336272725 0.29147655896479
5308.8444423098845 0.290642793058396
5623.413251903491 0.2898090271520021
5956.62143529011 0.28897526124560813
6309.573444801937 0.28814149533921407
6683.439175686149 0.2873178280056738
7079.457843841381 0.2865011981061191
7498.942093324558 0.28568502578468924
7943.282347242822 0.2848688534632594
8413.951416451957 0.2838980842274891
8912.509381337459 0.282846807704366
9440.608762859236 0.2818347135480202
10000. 0.2808650846788507
10592.537251772897 0.2799259255162083
11220.18454301963 0.2790910902110786
11885.022274370189 0.27825625490594885
12589.254117941688 0.2774214196008191
13335.21432163324 0.2765865842956894
14125.375446227554 0.2757517489905596
14962.356560944329 0.27497782421802996
15848.93192461114 0.27444754157590057
16788.040181225624 0.2740129058848095
17782.794100389227 0.2735782701937184
18836.49089489802 0.27338702505448287
19952.62314968879 0.27338104278432795
21134.890398366475 0.27340956426593843
22387.211385683422 0.2734380857475489
23713.737056616552 0.2734666072291594
25118.864315095823 0.2734951287107699
26607.250597988084 0.27352365019238045
28183.82931264455 0.27355217167399093
29853.826189179632 0.2735806931556014
31622.776601683792 0.2736092146372119
33496.54391578279 0.2736622675047412
35481.33892335753 0.2737335793832697
37583.74042884443 0.2738094632041019
39810.71705534977 0.27388535181797
42169.65034285822 0.2739612404318381
44668.359215096345 0.2740371290457062
47315.12589614803 0.2741130176595743
50118.72336272725 0.27418890627344245
53088.4444230989 0.27426479488731054
56234.13251903491 0.2743406835011787
59566.214352901094 0.2744165721150468
63095.7344480193 0.27449246072891487
66834.39175686149 0.27456834934278296
70794.57843841388 0.27464423795665105
74989.42093324558 0.2746674170820597
79432.82347242821 0.27463705404893823
84139.51416451948 0.274579087266481
89125.0938133746 0.2745211204840238
94406.08762859246 0.2744631537015665
100000. 0.2744051869191093
105925.37251772897 0.2743892900420192
112201.84543019629 0.2744272298890065
118850.22274370189 0.274503854916743
125892.54117941688 0.27458047994447954
133352.1432163324 0.27465710497221607
141253.75446227554 0.27478000597050345
149623.5656094433 0.27492763824012156
158489.3192461114 0.27508404536220177
167880.40181225623 0.2752390072421108
177827.94100389228 0.2753881881533351
188364.9089489802 0.27524299276458614
199526.2314968879 0.27509779737583717
211348.90398366476 0.27495260198708826
223872.11385683424 0.27480740659833935
237137.37056616554 0.27466221120959033
251188.6431509582 0.2745170158208414
266072.50597988087 0.2743718204320925
281838.2931264455 0.2742266250433436
298538.2618917963 0.27408142965459464
316227.7660168379 0.2739362342658457
334965.43915782793 0.27379103887709677
354813.3892335753 0.27364584348834786
375837.4042884443 0.2735006480995989
398107.17055349774 0.27335545271084993
421696.5034285823 0.273210257322101
446683.5921509635 0.27306506193335206
473151.2589614803 0.27291765848830174
501187.2336272725 0.27276142281804583
530884.444230989 0.2725860966571364
562341.3251903491 0.27240266287986864
595662.1435290109 0.27227301599160436
630957.3444801943 0.27226149892091084
668343.9175686149 0.2723713627834801
707945.7843841388 0.27248122664604935
749894.2093324559 0.2725910905086187
794328.2347242822 0.272700954371188
841395.1416451965 0.27281081823375725
891250.9381337459 0.2729846531248735
944060.8762859246 0.27328437875318456
1.e6 0.2737038411589915
1.0592537251772897e6 0.2741233035647985
1.1220184543019652e6 0.27454276597060556
1.1885022274370189e6 0.2749622283764126
1.2589254117941686e6 0.27538169078221963
1.333521432163324e6 0.27580115318802667
1.4125375446227554e6 0.2762206155938337
1.4962356560944358e6 0.27664007799964074
1.5848931924611141e6 0.2770595404054478
1.6788040181225624e6 0.2774790028112548
1.778279410038923e6 0.27789846521706185
1.883649089489802e6 0.2783179276228689
1.9952623149688828e6 0.27873739002867587
2.1134890398366475e6 0.2791568524344829
2.238721138568342e6 0.27957631484028994
2.3713737056616554e6 0.2799957772460969
2.5118864315095823e6 0.280415239651904
2.660725059798814e6 0.28083470205771105
2.818382931264455e6 0.28125416446351803
2.9853826189179635e6 0.28167362686932507
3.1622776601683795e6 0.28209298652364556
3.3496543915782794e6 0.2825106915932847
3.5481338923357604e6 0.28292416546093757
3.7583740428844434e6 0.28331331837153273
3.9810717055349774e6 0.2836240590785749
4.216965034285823e6 0.283905248353931
4.466835921509635e6 0.284186437629287
4.731512589614812e6 0.2844676269046431
5.011872336272725e6 0.284719302218755
5.30884444230989e6 0.284893760084151
5.623413251903491e6 0.2849364319221479
5.956621435290109e6 0.28497910376014485
6.309573444801942e6 0.28502177559814174
6.683439175686149e6 0.2850644474361387
7.079457843841388e6 0.28510711927413557
7.498942093324558e6 0.28514979111213257
7.943282347242822e6 0.28519246295012946
8.413951416451965e6 0.28523513478812634
8.912509381337458e6 0.28527780662612323
9.440608762859246e6 0.2853204784641201
1.e7 0.28536198733952023
1.0592537251772897e7 0.28540027614167673
1.1220184543019652e7 0.28543266242643983
1.188502227437019e7 0.28546504871120304
1.2589254117941687e7 0.28549743499596614
1.333521432163324e7 0.2855024369571064
1.4125375446227554e7 0.2854534180115934
1.4962356560944358e7 0.2853507520297231
1.5848931924611142e7 0.2852480860478528
1.6788040181225624e7 0.2848550263336628
1.7782794100389227e7 0.2844604067266747
1.883649089489802e7 0.28406539714648715
1.995262314968883e7 0.2836703875662996
2.1134890398366477e7 0.28327076865154754
2.2387211385683425e7 0.28285271239853765
2.3713737056616552e7 0.282433287490039
2.5118864315095823e7 0.2820138625815404
2.660725059798814e7 0.2815944376730417
2.818382931264455e7 0.281173591263496
2.9853826189179633e7 0.2807487329681716
3.162277660168379e7 0.28031635613601485
3.3496543915782794e7 0.2798839793038581
3.5481338923357606e7 0.2794516024717013
3.758374042884443e7 0.2790192256395445
3.9810717055349775e7 0.2785868488073878
4.2169650342858225e7 0.278154471975231
4.466835921509635e7 0.2777220951430743
4.731512589614812e7 0.2772897183109175
5.011872336272725e7 0.27685734147876073
5.30884444230989e7 0.27642496464660393
5.623413251903491e7 0.27599258781444724
5.956621435290109e7 0.27556021098229044
6.309573444801943e7 0.27512783415013364
6.6834391756861486e7 0.2746954573179769
7.079457843841387e7 0.27426308048582015
7.498942093324558e7 0.27383070365366335
7.943282347242822e7 0.2733983268215066
8.413951416451965e7 0.27296594998934987
8.91250938133746e7 0.27253357315719307
9.440608762859245e7 0.2721011963250363
1.e8 0.2716688194928796