#Columns: M_EDO [M_sun], f_EDO
10. 2.881666717758023
10.592537251772887 2.824132446078065
11.220184543019636 2.766598174398106
11.885022274370183 2.709063902718147
12.589254117941675 2.651529631038188
13.33521432163324 2.5939953593582294
14.12537544622754 2.536461087678271
14.962356560944336 2.478926815998312
15.848931924611133 2.4213925443183535
16.788040181225607 2.363858272638394
17.78279410038923 2.306324000958436
18.836490894898002 2.248789729278478
19.952623149688797 2.1912554575985186
21.134890398366466 2.13372118591856
22.3872113856834 2.076186914238601
23.71373705661655 2.0186526425586426
25.118864315095795 1.9611183708786841
26.6072505979881 1.9035840991987252
28.183829312644534 1.8460498275187667
29.853826189179603 1.7885155558388077
31.622776601683793 1.7309812841588492
33.49654391578277 1.6734470124788903
35.48133892335755 1.6159127407989318
37.583740428844415 1.5583784691189733
39.810717055349734 1.5008441974390143
42.169650342858226 1.4433099257590558
44.668359215096324 1.3857756540790969
47.315125896148054 1.3282413823991384
50.11872336272722 1.2707071107191799
53.08844442309885 1.213172839039221
56.23413251903491 1.1556385673592624
59.56621435290106 1.0991345307783975
63.09573444801933 1.0467514345939084
66.83439175686145 1.0095205250735808
70.79457843841381 0.9722896155532528
74.98942093324558 0.9359017598861934
79.43282347242817 0.8997857214460625
84.13951416451951 0.8620350206474373
89.12509381337455 0.8194869824663327
94.40608762859236 0.7671549018551134
100. 0.730790966663941
105.92537251772886 0.7003551293922932
112.20184543019641 0.6728287872009244
118.85022274370189 0.6472184111221295
125.89254117941675 0.6195591752700045
133.3521432163324 0.5883104223477535
141.2537544622754 0.5628393787717101
149.62356560944343 0.5396990703991034
158.48931924611142 0.5188762040162087
167.88040181225605 0.5013436864579026
177.82794100389228 0.486613143727223
188.36490894898 0.47188260099654333
199.52623149688807 0.4576554971410814
211.34890398366477 0.44503003542641983
223.872113856834 0.4334251995061967
237.13737056616552 0.42168384624297006
251.18864315095797 0.4091757985290819
266.0725059798811 0.3961345391927513
281.8382931264455 0.383577052946518
298.538261891796 0.37239726285462693
316.22776601683796 0.3623807783575176
334.9654391578276 0.3529523518626013
354.81338923357566 0.34392333533503805
375.8374042884443 0.3370857387663516
398.1071705534973 0.33030070809434453
421.6965034285823 0.32419201871363346
446.683592150963 0.3187464518570355
473.1512589614808 0.3136457478394132
501.18723362727246 0.30859855930152075
530.8844442309885 0.3038604924336473
562.341325190349 0.30010975202951606
595.6621435290103 0.29679281138633484
630.9573444801937 0.2936005161731631
668.3439175686149 0.2904516974945474
707.945784384138 0.28747678495415585
749.8942093324558 0.2850723322988835
794.3282347242813 0.28266787964361123
841.3951416451956 0.2802634269883389
891.2509381337459 0.2778589743330666
944.0608762859235 0.2757011697906008
1000. 0.27452995769936084
1059.2537251772887 0.2733162227304692
1122.018454301964 0.27210248776157747
1188.502227437019 0.27135127545015836
1258.9254117941675 0.270924358823881
1333.521432163324 0.2705213630678438
1412.537544622754 0.27011836731180666
1496.2356560944343 0.26971537155576947
1584.893192461114 0.26931237579973233
1678.8040181225606 0.26890938004369513
1778.2794100389228 0.26850638428765794
1883.6490894898002 0.26810338853162075
1995.262314968881 0.2677003927755836
2113.489039836648 0.2672973970195464
2238.72113856834 0.2669903413169462
2371.373705661655 0.2667635748901012
2511.886431509582 0.26657434463818697
2660.7250597988113 0.2663851143862727
2818.382931264455 0.26619588413435846
2985.3826189179604 0.26600665388244427
3162.2776601683795 0.26581742363053007
3349.6543915782795 0.26562819337861576
3548.1338923357566 0.26543896312670157
3758.374042884443 0.2652814488504218
3981.0717055349733 0.26525079847668026
4216.965034285822 0.2652468021257284
4466.835921509635 0.2652428057747765
4731.512589614807 0.2652388094238246
5011.872336272725 0.2652348130728728
5308.8444423098845 0.2652308167219209
5623.413251903491 0.265226820370969
5956.62143529011 0.2652228240200172
6309.573444801937 0.2652887518133663
6683.439175686149 0.2653725616928172
7079.457843841381 0.2654566389389522
7498.942093324558 0.26554071618508734
7943.282347242822 0.2656247934312224
8413.951416451957 0.26563642266281373
8912.509381337459 0.26558142546030705
9440.608762859236 0.2655097716492758
10000. 0.26543811783824445
10592.537251772897 0.2653664640272132
11220.18454301963 0.26529481021618195
11885.022274370189 0.2652231564051507
12589.254117941688 0.2651515025941194
13335.21432163324 0.2650798487830881
14125.375446227554 0.2650408485278023
14962.356560944329 0.2650508890697892
15848.93192461114 0.2650611714663942
16788.040181225624 0.26507145386299924
17782.794100389227 0.2650817362596043
18836.49089489802 0.2651967207938132
19952.62314968879 0.2653914020059065
21134.890398366475 0.26560092609722274
22387.211385683422 0.265810450188539
23713.737056616552 0.2660199742798553
25118.864315095823 0.2662294983711716
26607.250597988084 0.26643902246248785
28183.82931264455 0.2666485465538041
29853.826189179632 0.26685807064512035
31622.776601683792 0.2670675947364367
33496.54391578279 0.26727711882775296
35481.33892335753 0.2674866429190692
37583.74042884443 0.26769616701038546
39810.71705534977 0.2679056911017017
42169.65034285822 0.268115215193018
44668.359215096345 0.26832473928433426
47315.12589614803 0.26853426337565056
50118.72336272725 0.2687437874669668
53088.4444230989 0.2689533115582831
56234.13251903491 0.2691628356495993
59566.214352901094 0.2693693816919448
63095.7344480193 0.26956401553840703
66834.39175686149 0.2697113981083325
70794.57843841388 0.2698228473075524
74989.42093324558 0.26990061216794214
79432.82347242821 0.26995328582197486
84139.51416451948 0.26999302366262556
89125.0938133746 0.2700327615032762
94406.08762859246 0.2700724993439269
100000. 0.27011223718457755
105925.37251772897 0.27015197502522825
112201.84543019629 0.27019171286587895
118850.22274370189 0.27023145070652965
125892.54117941688 0.27027118854718035
133352.1432163324 0.27031092638783105
141253.75446227554 0.27035066422848164
149623.5656094433 0.27039040206913234
158489.3192461114 0.27043013990978304
167880.40181225623 0.27046925603384064
177827.94100389228 0.2705058852915261
188364.9089489802 0.2704158792807835
199526.2314968879 0.27032587327004076
211348.90398366476 0.27023586725929805
223872.11385683424 0.27014586124855533
237137.37056616554 0.2700558552378127
251188.6431509582 0.26996584922707
266072.50597988087 0.26987584321632735
281838.2931264455 0.26978583720558463
298538.2618917963 0.26965335754407904
316227.7660168379 0.26947452266839145
334965.43915782793 0.2692686286221939
354813.3892335753 0.2690627345759964
375837.4042884443 0.2688568405297988
398107.17055349774 0.26865094648360127
421696.5034285823 0.2684450524374037
446683.5921509635 0.26823915839120616
473151.2589614803 0.2680332643450086
501187.2336272725 0.2678273702988111
530884.444230989 0.2676214762526135
562341.3251903491 0.2674155822064159
595662.1435290109 0.2672358439118452
630957.3444801943 0.26711146423020604
668343.9175686149 0.26704705835324466
707945.7843841388 0.26699501902391093
749894.2093324559 0.2669521417299406
794328.2347242822 0.2669092644359703
841395.1416451965 0.26686638714199995
891250.9381337459 0.2668510290075965
944060.8762859246 0.2668898267522455
1.e6 0.26698013305570284
1.0592537251772897e6 0.2670704393591602
1.1220184543019652e6 0.2671607456626175
1.1885022274370189e6 0.2672510519660748
1.2589254117941686e6 0.26734135826953215
1.333521432163324e6 0.2674316645729895
1.4125375446227554e6 0.2675219708764468
1.4962356560944358e6 0.2676122771799041
1.5848931924611141e6 0.2677025834833614
1.6788040181225624e6 0.2677928897868188
1.778279410038923e6 0.2678831960902761
1.883649089489802e6 0.2679835664387922
1.9952623149688828e6 0.2681241929675432
2.1134890398366475e6 0.26829802279519377
2.238721138568342e6 0.26847185262284434
2.3713737056616554e6 0.2686456824504949
2.5118864315095823e6 0.2688195122781455
2.660725059798814e6 0.26899334210579606
2.818382931264455e6 0.26916717193344664
2.9853826189179635e6 0.2693410017610972
3.1622776601683795e6 0.2695148315887478
3.3496543915782794e6 0.26968866141639836
3.5481338923357604e6 0.269862491244049
3.7583740428844434e6 0.27002731664783086
3.9810717055349774e6 0.270156124356138
4.216965034285823e6 0.2702710835179737
4.466835921509635e6 0.2703860426798094
4.731512589614812e6 0.27050100184164516
5.011872336272725e6 0.27060326464034
5.30884444230989e6 0.2706723099132138
5.623413251903491e6 0.2706846632616483
5.956621435290109e6 0.27069701661008294
6.309573444801942e6 0.27070936995851747
6.683439175686149e6 0.2707217233069521
7.079457843841388e6 0.27075379954957035
7.498942093324558e6 0.27081740288715594
7.943282347242822e6 0.2708887772395087
8.413951416451965e6 0.2709601515918615
8.912509381337458e6 0.2710315259442143
9.440608762859246e6 0.27110290029656714
1.e7 0.2711877494952569
1.0592537251772897e7 0.2713092942769132
1.1220184543019652e7 0.27149677231241315
1.188502227437019e7 0.27168425034791316
1.2589254117941687e7 0.2718717283834131
1.333521432163324e7 0.2720463734339563
1.4125375446227554e7 0.272195702924693
1.4962356560944358e7 0.2723198920606767
1.5848931924611142e7 0.27244408119666036
1.6788040181225624e7 0.2724433482915507
1.7782794100389227e7 0.2724419443492576
1.883649089489802e7 0.27244037264766874
1.995262314968883e7 0.27243880094607975
2.1134890398366477e7 0.2724372292444908
2.2387211385683425e7 0.27243565754290194
2.3713737056616552e7 0.272434085841313
2.5118864315095823e7 0.2724325141397241
2.660725059798814e7 0.27243094243813515
2.818382931264455e7 0.2724293707365462
2.9853826189179633e7 0.2724277990349573
3.162277660168379e7 0.27242622733336835
3.3496543915782794e7 0.2724246556317794
3.5481338923357606e7 0.27242308393019055
3.758374042884443e7 0.27242151222860156
3.9810717055349775e7 0.2724199405270127
4.2169650342858225e7 0.27241402980574697
4.466835921509635e7 0.27239076300577425
4.731512589614812e7 0.27227933386827763
5.011872336272725e7 0.27212576250566534
5.30884444230989e7 0.2719286532140318
5.623413251903491e7 0.27170954234057026
5.956621435290109e7 0.2714904314671086
6.309573444801943e7 0.27127132059364706
6.6834391756861486e7 0.27105220972018546
7.079457843841387e7 0.2708330988467239
7.498942093324558e7 0.2706139879732623
7.943282347242822e7 0.2703948770998007
8.413951416451965e7 0.2701757662263391
8.91250938133746e7 0.2699566553528776
9.440608762859245e7 0.26973754447941595
1.e8 0.2695184336059544