#Columns: M_EDO [M_sun], f_EDO
10. 3.764060896471548
10.592537251772887 3.722642801051647
11.220184543019636 3.681224705631744
11.885022274370183 3.639806610211842
12.589254117941675 3.5983885147919388
13.33521432163324 3.5569704193720373
14.12537544622754 3.515552323952135
14.962356560944336 3.4741342285322316
15.848931924611133 3.432716133112325
16.788040181225607 3.391298037692427
17.78279410038923 3.3498799422725254
18.836490894898002 3.308461846852623
19.952623149688797 3.2670437514327206
21.134890398366466 3.2256256560128183
22.3872113856834 3.184207560592916
23.71373705661655 3.1427894651730135
25.118864315095795 3.101371369753111
26.6072505979881 3.0599532743332087
28.183829312644534 3.0185351789133064
29.853826189179603 2.977117083493404
31.622776601683793 2.9356989880735016
33.49654391578277 2.8942808926535992
35.48133892335755 2.852862797233697
37.583740428844415 2.811444701813795
39.810717055349734 2.770026606393892
42.169650342858226 2.7286085109739897
44.668359215096324 2.6871904155540873
47.315125896148054 2.645772320134185
50.11872336272722 2.6043542247142826
53.08844442309885 2.56293612929438
56.23413251903491 2.5215180338744783
59.56621435290106 2.4800999384545754
63.09573444801933 2.4386818430346735
66.83439175686145 2.397263747614771
70.79457843841381 2.3558456521948683
74.98942093324558 2.314427556774967
79.43282347242817 2.2730094613550635
84.13951416451951 2.2315913659351616
89.12509381337455 2.190173270515259
94.40608762859236 2.135146506448922
100. 2.093350797389769
105.92537251772886 2.0552348913525087
112.20184543019641 2.0173670114953124
118.85022274370189 1.979070001241567
125.89254117941675 1.9390564694016208
133.3521432163324 1.8973914717335538
141.2537544622754 1.8582199486016826
149.62356560944343 1.8197448555408946
158.48931924611142 1.7826631614975348
167.88040181225605 1.7477223862105653
177.82794100389228 1.7132771375927307
188.36490894898 1.6788318889748959
199.52623149688807 1.6448874411051984
211.34890398366477 1.611389696957893
223.872113856834 1.5780744173696624
237.13737056616552 1.5446439207679
251.18864315095797 1.5109437828989862
266.0725059798811 1.477243645030072
281.8382931264455 1.4440247451770838
298.538261891796 1.4121763220567525
316.22776601683796 1.3814478685739124
334.9654391578276 1.3512371065407747
354.81338923357566 1.3213779613961973
375.8374042884443 1.291518816251621
398.1071705534973 1.2616596711070438
421.6965034285823 1.2318005259624671
446.683592150963 1.2019413808178903
473.1512589614808 1.172094013638318
501.18723362727246 1.1422937583187658
530.8844442309885 1.1127656354162365
562.341325190349 1.0832375125137073
595.6621435290103 1.0537093896111782
630.9573444801937 1.0241812667086485
668.3439175686149 0.9946963925143616
707.945784384138 0.9653845131530434
749.8942093324558 0.9366401043453783
794.3282347242813 0.9078956955377131
841.3951416451956 0.8791512867300474
891.2509381337459 0.8504068779223822
944.0608762859235 0.8218221096077849
1000. 0.7938759032654583
1059.2537251772887 0.7651017911220153
1122.018454301964 0.7376743702793682
1188.502227437019 0.7140003425494417
1258.9254117941675 0.692604128344529
1333.521432163324 0.6712079141396163
1412.537544622754 0.6498116999347037
1496.2356560944343 0.6284400830001395
1584.893192461114 0.60714948885304
1678.8040181225606 0.5867487374759344
1778.2794100389228 0.5679705932752642
1883.6490894898002 0.5507750516201368
1995.262314968881 0.5336526253810785
2113.489039836648 0.5157083407228289
2238.72113856834 0.4967379191873651
2371.373705661655 0.47833779663546194
2511.886431509582 0.46321307734591655
2660.7250597988113 0.4523533263343712
2818.382931264455 0.4422083616721374
2985.3826189179604 0.4320633970099035
3162.2776601683795 0.42132751677929586
3349.6543915782795 0.409780109697857
3548.1338923357566 0.3977901706439266
3758.374042884443 0.38633158776182425
3981.0717055349733 0.37699842956703367
4216.965034285822 0.3726041129235339
4466.835921509635 0.36820979628003403
4731.512589614807 0.36381547963653416
5011.872336272725 0.35942116299303434
5308.8444423098845 0.3550268463495345
5623.413251903491 0.35063252970603476
5956.62143529011 0.3462382130625348
6309.573444801937 0.341843896419035
6683.439175686149 0.33749975678290767
7079.457843841381 0.33319058420421477
7498.942093324558 0.32888368520430095
7943.282347242822 0.3245767862043871
8413.951416451957 0.3202061082616865
8912.509381337459 0.31604556860905386
9440.608762859236 0.3121960788447776
10000. 0.3085334702526552
10592.537251772897 0.30502225718059295
11220.18454301963 0.3020294004192064
11885.022274370189 0.2990365436578197
12589.254117941688 0.296043686896433
13335.21432163324 0.2930508301350464
14125.375446227554 0.29005797337365974
14962.356560944329 0.287367764153427
15848.93192461114 0.28588814509780935
16788.040181225624 0.28488376921139297
17782.794100389227 0.2838793933249766
18836.49089489802 0.282979170914632
19952.62314968879 0.28215822755458203
21134.890398366475 0.28135204929390206
22387.211385683422 0.28054587103322215
23713.737056616552 0.27973969277254224
25118.864315095823 0.2789335145118623
26607.250597988084 0.2781273362511824
28183.82931264455 0.27732115799050244
29853.826189179632 0.27651497972982253
31622.776601683792 0.2757088014691426
33496.54391578279 0.27502451286058843
35481.33892335753 0.27442176819859876
37583.74042884443 0.27383944086088663
39810.71705534977 0.27325713441493205
42169.65034285822 0.2726748279689775
44668.359215096345 0.272092521523023
47315.12589614803 0.27151021507706846
50118.72336272725 0.27092790863111393
53088.4444230989 0.27034560218515935
56234.13251903491 0.2697632957392049
59566.214352901094 0.2691809892932503
63095.7344480193 0.2685986828472958
66834.39175686149 0.26801637640134124
70794.57843841388 0.26743406995538677
74989.42093324558 0.26683001821481805
79432.82347242821 0.2662038776616741
84139.51416451948 0.26556634918428146
89125.0938133746 0.26492882070688883
94406.08762859246 0.2642912922294962
100000. 0.2636537637521037
105925.37251772897 0.26319960846067436
112201.84543019629 0.26298011525202775
118850.22274370189 0.262929241981592
125892.54117941688 0.2628783687111562
133352.1432163324 0.26282749544072054
141253.75446227554 0.26300655463194433
149623.5656094433 0.26330849665046185
158489.3192461114 0.2636540384768988
167880.40181225623 0.26399896184467014
177827.94100389228 0.26434141137777956
188364.9089489802 0.2645578892382763
199526.2314968879 0.264774367098773
211348.90398366476 0.2649908449592697
223872.11385683424 0.26520732281976644
237137.37056616554 0.2654238006802632
251188.6431509582 0.26564027854076
266072.50597988087 0.2658567564012567
281838.2931264455 0.26607323426175344
298538.2618917963 0.26628971212225017
316227.7660168379 0.26650618998274694
334965.43915782793 0.26672266784324367
354813.3892335753 0.2669391457037404
375837.4042884443 0.26715562356423717
398107.17055349774 0.2673721014247339
421696.5034285823 0.2675885792852306
446683.5921509635 0.26780505714572733
473151.2589614803 0.2680119105890727
501187.2336272725 0.2681802663638124
530884.444230989 0.2682644729032415
562341.3251903491 0.268308394945873
595662.1435290109 0.26836527183951014
630957.3444801943 0.26847088317851703
668343.9175686149 0.2686265702103734
707945.7843841388 0.26878225724222965
749894.2093324559 0.268937944274086
794328.2347242822 0.2690936313059423
841395.1416451965 0.26924931833779864
891250.9381337459 0.26943238032295636
944060.8762859246 0.2696693143988099
1.e6 0.26995748711763784
1.0592537251772897e6 0.27024565983646576
1.1220184543019652e6 0.2705338325552936
1.1885022274370189e6 0.27082200527412154
1.2589254117941686e6 0.27111017799294945
1.333521432163324e6 0.2713983507117773
1.4125375446227554e6 0.27168652343060523
1.4962356560944358e6 0.27197469614943315
1.5848931924611141e6 0.272262868868261
1.6788040181225624e6 0.272551041587089
1.778279410038923e6 0.27283921430591684
1.883649089489802e6 0.2731273870247447
1.9952623149688828e6 0.2734155597435726
2.1134890398366475e6 0.27370373246240054
2.238721138568342e6 0.2739919051812284
2.3713737056616554e6 0.2742800779000563
2.5118864315095823e6 0.27456825061888424
2.660725059798814e6 0.2748564233377121
2.818382931264455e6 0.27514459605654
2.9853826189179635e6 0.27543276877536793
3.1622776601683795e6 0.2757204309505603
3.3496543915782794e6 0.2759998719534188
3.5481338923357604e6 0.2762602077426043
3.7583740428844434e6 0.2764903589075623
3.9810717055349774e6 0.27668202871194814
4.216965034285823e6 0.27686150707591095
4.466835921509635e6 0.27704098543987377
4.731512589614812e6 0.2772204638038365
5.011872336272725e6 0.2773873123363092
5.30884444230989e6 0.2775211174098807
5.623413251903491e6 0.2775985276367885
5.956621435290109e6 0.27767593786369626
6.309573444801942e6 0.277753348090604
6.683439175686149e6 0.2778307583175117
7.079457843841388e6 0.27790816854441946
7.498942093324558e6 0.27798557877132724
7.943282347242822e6 0.278062988998235
8.413951416451965e6 0.2781403992251428
8.912509381337458e6 0.2782178094520505
9.440608762859246e6 0.27829521967895826
1.e7 0.27836685146730433
1.0592537251772897e7 0.27842248360488553
1.1220184543019652e7 0.27844878777077675
1.188502227437019e7 0.278475091936668
1.2589254117941687e7 0.2785013961025592
1.333521432163324e7 0.2785164028682594
1.4125375446227554e7 0.2785091233138902
1.4962356560944358e7 0.27847971167960794
1.5848931924611142e7 0.27845030004532556
1.6788040181225624e7 0.2782966209880887
1.7782794100389227e7 0.27814227441004646
1.883649089489802e7 0.2779877609518029
1.995262314968883e7 0.2778332474935592
2.1134890398366477e7 0.27765864299025894
2.2387211385683425e7 0.2774036743067323
2.3713737056616552e7 0.2771427399640185
2.5118864315095823e7 0.2768818056213047
2.660725059798814e7 0.276620871278591
2.818382931264455e7 0.2763528738914697
2.9853826189179633e7 0.2760649425567291
3.162277660168379e7 0.27573965369795683
3.3496543915782794e7 0.2754143648391846
3.5481338923357606e7 0.2750890759804123
3.758374042884443e7 0.27476378712164007
3.9810717055349775e7 0.2744384982628678
4.2169650342858225e7 0.27411320940409556
4.466835921509635e7 0.2737879205453233
4.731512589614812e7 0.27346263168655105
5.011872336272725e7 0.27313734282777874
5.30884444230989e7 0.2728120539690065
5.623413251903491e7 0.2724867651102343
5.956621435290109e7 0.2721614762514619
6.309573444801943e7 0.27183618739268967
6.6834391756861486e7 0.27151089853391747
7.079457843841387e7 0.27118560967514516
7.498942093324558e7 0.2708603208163729
7.943282347242822e7 0.27053503195760065
8.413951416451965e7 0.2702097430988284
8.91250938133746e7 0.26988445424005614
9.440608762859245e7 0.2695591653812839
1.e8 0.26923387652251163