#Columns: M_EDO [M_sun], f_EDO
10. 4.293495186292327
10.592537251772887 4.250950029651828
11.220184543019636 4.208404873011327
11.885022274370183 4.165859716370826
12.589254117941675 4.123314559730325
13.33521432163324 4.080769403089824
14.12537544622754 4.038224246449323
14.962356560944336 3.9956790898088212
15.848931924611133 3.9531339331683144
16.788040181225607 3.910588776527819
17.78279410038923 3.86804361988732
18.836490894898002 3.825498463246819
19.952623149688797 3.782953306606318
21.134890398366466 3.740408149965817
22.3872113856834 3.697862993325316
23.71373705661655 3.655317836684816
25.118864315095795 3.6127726800443147
26.6072505979881 3.5702275234038137
28.183829312644534 3.5276823667633126
29.853826189179603 3.485137210122812
31.622776601683793 3.4425920534823105
33.49654391578277 3.4000468968418094
35.48133892335755 3.357501740201309
37.583740428844415 3.314956583560808
39.810717055349734 3.272411426920307
42.169650342858226 3.229866270279806
44.668359215096324 3.187321113639306
47.315125896148054 3.1447759569988047
50.11872336272722 3.1022308003583037
53.08844442309885 3.059685643717803
56.23413251903491 3.0171404870773024
59.56621435290106 2.974595330436801
63.09573444801933 2.9320501737963003
66.83439175686145 2.889505017155799
70.79457843841381 2.846959860515298
74.98942093324558 2.804414703874798
79.43282347242817 2.761869547234296
84.13951416451951 2.719324390593796
89.12509381337455 2.6767792339532948
94.40608762859236 2.6303144347619067
100. 2.587662939271284
105.92537251772886 2.546088129517526
112.20184543019641 2.504595559638216
118.85022274370189 2.462987641142317
125.89254117941675 2.4209183281800613
133.3521432163324 2.378412581749523
141.2537544622754 2.3366250193783933
149.62356560944343 2.2950412285430137
158.48931924611142 2.2538658179079687
167.88040181225605 2.213314433122216
177.82794100389228 2.1729057726152226
188.36490894898 2.1324971121082292
199.52623149688807 2.092254505808255
211.34890398366477 2.0521600163644758
223.872113856834 2.0121274160942706
237.13737056616552 1.972061630394943
251.18864315095797 1.9319181811554365
266.0725059798811 1.891774731915929
281.8382931264455 1.851790850323674
298.538261891796 1.812261387835076
316.22776601683796 1.773090803239878
334.9654391578276 1.7340693269437506
354.81338923357566 1.6951491252508788
375.8374042884443 1.6562289235580079
398.1071705534973 1.6173087218651367
421.6965034285823 1.5783885201722656
446.683592150963 1.5394683184793947
473.1512589614808 1.500551509139882
501.18723362727246 1.4616482692138066
530.8844442309885 1.422823410342407
562.341325190349 1.3839985514710071
595.6621435290103 1.3451736925996074
630.9573444801937 1.3063488337282072
668.3439175686149 1.2675383151507833
707.945784384138 1.2287851577492646
749.8942093324558 1.190220160755141
794.3282347242813 1.1516551637610173
841.3951416451956 1.1130901667668933
891.2509381337459 1.0745251697727696
944.0608762859235 1.0359342870662602
1000. 0.9972398615102069
1059.2537251772887 0.9573463581424856
1122.018454301964 0.9193184111913979
1188.502227437019 0.8864899977944711
1258.9254117941675 0.8568170140308786
1333.521432163324 0.8271440302672861
1412.537544622754 0.7974710465036936
1496.2356560944343 0.7678321370639669
1584.893192461114 0.7383054675867011
1678.8040181225606 0.7100237326101315
1778.2794100389228 0.684012626273172
1883.6490894898002 0.6602161672749006
1995.262314968881 0.6365220238340447
2113.489039836648 0.611706349267173
2238.72113856834 0.5853686153641936
2371.373705661655 0.5597476063762418
2511.886431509582 0.5386452635541099
2660.7250597988113 0.5234712266180618
2818.382931264455 0.5092873752276486
2985.3826189179604 0.49510352383723544
3162.2776601683795 0.4800927626237753
3349.6543915782795 0.46394637466339184
3548.1338923357566 0.4471807205089011
3758.374042884443 0.4311554698303184
3981.0717055349733 0.41809183305536757
4216.965034285822 0.41191724104331484
4466.835921509635 0.405742649031262
4731.512589614807 0.3995680570192092
5011.872336272725 0.3933934650071565
5308.8444423098845 0.38721887299510377
5623.413251903491 0.38104428098305104
5956.62143529011 0.3748696889709982
6309.573444801937 0.3686950969589454
6683.439175686149 0.3625907211715246
7079.457843841381 0.35653527725326256
7498.942093324558 0.3504830149141068
7943.282347242822 0.3444307525749509
8413.951416451957 0.33836012027878526
8912.509381337459 0.33264494906139785
9440.608762859236 0.32737676149315637
10000. 0.3223676630395575
10592.537251772897 0.31757042301278526
11220.18454301963 0.31349855552327033
11885.022274370189 0.30942668803375506
12589.254117941688 0.30535482054423996
13335.21432163324 0.30128295305472497
14125.375446227554 0.2972110855652098
14962.356560944329 0.29356273412112555
15848.93192461114 0.29160844685876375
16788.040181225624 0.29031920087468466
17782.794100389227 0.28902995489060573
18836.49089489802 0.28777524384470654
19952.62314968879 0.2865468199397091
21134.890398366475 0.2853232918078839
22387.211385683422 0.28409976367605877
23713.737056616552 0.28287623554423363
25118.864315095823 0.28165270741240855
26607.250597988084 0.2804291792805834
28183.82931264455 0.2792056511487582
29853.826189179632 0.27798212301693304
31622.776601683792 0.276758594885108
33496.54391578279 0.2757056355385121
35481.33892335753 0.27476586260626323
37583.74042884443 0.273854429689279
39810.71705534977 0.27294302571341306
42169.65034285822 0.27203162173754725
44668.359215096345 0.2711202177616814
47315.12589614803 0.2702088137858155
50118.72336272725 0.26929740980994965
53088.4444230989 0.2683860058340838
56234.13251903491 0.267474601858218
59566.214352901094 0.2665631978823521
63095.7344480193 0.2656517939064863
66834.39175686149 0.26474038993062043
70794.57843841388 0.26382898595475457
74989.42093324558 0.2629113187811972
79432.82347242821 0.26198728946804195
84139.51416451948 0.26105998014318177
89125.0938133746 0.26013267081832137
94406.08762859246 0.25920536149346113
100000. 0.2582780521686009
105925.37251772897 0.25760476767000196
112201.84543019629 0.25725655793353835
118850.22274370189 0.25714193551401654
125892.54117941688 0.2570273130944946
133352.1432163324 0.2569126906749728
141253.75446227554 0.2571198289626647
149623.5656094433 0.257498925855632
158489.3192461114 0.25793903503424725
167880.40181225623 0.2583789391459498
177827.94100389228 0.2588180229900018
188364.9089489802 0.2592153374751213
199526.2314968879 0.2596126519602409
211348.90398366476 0.26000996644536045
223872.11385683424 0.2604072809304801
237137.37056616554 0.26080459541559964
251188.6431509582 0.26120190990071923
266072.50597988087 0.2615992243858388
281838.2931264455 0.2619965388709584
298538.2618917963 0.26239385335607796
316227.7660168379 0.26279116784119755
334965.43915782793 0.2631884823263171
354813.3892335753 0.2635857968114367
375837.4042884443 0.26398311129655627
398107.17055349774 0.26438042578167587
421696.5034285823 0.2647777402667954
446683.5921509635 0.265175054751915
473151.2589614803 0.2655590366394581
501187.2336272725 0.2658896881366957
530884.444230989 0.266103661026294
562341.3251903491 0.26626126097887515
595662.1435290109 0.26641139976346306
630957.3444801943 0.2665755753073201
668343.9175686149 0.26675417392381995
707945.7843841388 0.2669327725403198
749894.2093324559 0.26711137115681965
794328.2347242822 0.2672899697733195
841395.1416451965 0.2674685683898193
891250.9381337459 0.26765624392199777
944060.8762859246 0.2678617822216227
1.e6 0.268084310096961
1.0592537251772897e6 0.2683068379722994
1.1220184543019652e6 0.2685293658476377
1.1885022274370189e6 0.26875189372297603
1.2589254117941686e6 0.26897442159831436
1.333521432163324e6 0.2691969494736527
1.4125375446227554e6 0.26941947734899097
1.4962356560944358e6 0.26964200522432935
1.5848931924611141e6 0.2698645330996677
1.6788040181225624e6 0.270087060975006
1.778279410038923e6 0.27030958885034434
1.883649089489802e6 0.27053211672568267
1.9952623149688828e6 0.270754644601021
2.1134890398366475e6 0.27097717247635933
2.238721138568342e6 0.27119970035169766
2.3713737056616554e6 0.271422228227036
2.5118864315095823e6 0.2716447561023743
2.660725059798814e6 0.27186728397771265
2.818382931264455e6 0.27208981185305103
2.9853826189179635e6 0.2723123397283893
3.1622776601683795e6 0.27253415316401775
3.3496543915782794e6 0.2727444621334859
3.5481338923357604e6 0.2729282288834376
3.7583740428844434e6 0.27307887917557705
3.9810717055349774e6 0.2732110135286348
4.216965034285823e6 0.27333963643690096
4.466835921509635e6 0.2734682593451671
4.731512589614812e6 0.27359688225343326
5.011872336272725e6 0.2737213173950862
5.30884444230989e6 0.2738347960727456
5.623413251903491e6 0.2739295754941087
5.956621435290109e6 0.27402435491547195
6.309573444801942e6 0.2741191343368351
6.683439175686149e6 0.27421391375819826
7.079457843841388e6 0.2743086931795614
7.498942093324558e6 0.27440347260092457
7.943282347242822e6 0.2744982520222878
8.413951416451965e6 0.274593031443651
8.912509381337458e6 0.27468781086501415
9.440608762859246e6 0.2747825902863773
1.e7 0.27486928353119644
1.0592537251772897e7 0.2749335873364899
1.1220184543019652e7 0.27495685044294516
1.188502227437019e7 0.27498011354940044
1.2589254117941687e7 0.2750033766558557
1.333521432163324e7 0.2750233858238359
1.4125375446227554e7 0.2750369759650387
1.4962356560944358e7 0.2750441915045503
1.5848931924611142e7 0.27505140704406195
1.6788040181225624e7 0.27501741831530174
1.7782794100389227e7 0.2749832082517324
1.883649089489802e7 0.2749489428544607
1.995262314968883e7 0.274914677457189
2.1134890398366477e7 0.27485258015961467
2.2387211385683425e7 0.2746791552608296
2.3713737056616552e7 0.27449746620100823
2.5118864315095823e7 0.27431577714118693
2.660725059798814e7 0.27413408808136563
2.818382931264455e7 0.27394251520545654
2.9853826189179633e7 0.27372304735100783
3.162277660168379e7 0.2734513024789278
3.3496543915782794e7 0.27317955760684787
3.5481338923357606e7 0.27290781273476783
3.758374042884443e7 0.2726360678626878
3.9810717055349775e7 0.2723643229906078
4.2169650342858225e7 0.27209257811852783
4.466835921509635e7 0.2718208332464478
4.731512589614812e7 0.27154908837436775
5.011872336272725e7 0.2712773435022877
5.30884444230989e7 0.2710055986302078
5.623413251903491e7 0.27073385375812775
5.956621435290109e7 0.2704621088860477
6.309573444801943e7 0.27019036401396773
6.6834391756861486e7 0.26991861914188775
7.079457843841387e7 0.2696468742698077
7.498942093324558e7 0.2693751293977277
7.943282347242822e7 0.2691033845256477
8.413951416451965e7 0.2688316396535677
8.91250938133746e7 0.2685598947814877
9.440608762859245e7 0.2682881499094077
1.e8 0.2680164050373277