#Columns: M_EDO [M_sun], f_EDO
10. 4.6439755272259715
10.592537251772887 4.603022972818651
11.220184543019636 4.562070418411327
11.885022274370183 4.521117864004005
12.589254117941675 4.480165309596682
13.33521432163324 4.439212755189359
14.12537544622754 4.398260200782037
14.962356560944336 4.3573076463747125
15.848931924611133 4.3163550919673845
16.788040181225607 4.275402537560067
17.78279410038923 4.234449983152746
18.836490894898002 4.193497428745423
19.952623149688797 4.1525448743381
21.134890398366466 4.111592319930778
22.3872113856834 4.070639765523454
23.71373705661655 4.029687211116132
25.118864315095795 3.9887346567088096
26.6072505979881 3.9477821023014865
28.183829312644534 3.906829547894164
29.853826189179603 3.8658769934868413
31.622776601683793 3.824924439079518
33.49654391578277 3.7839718846721953
35.48133892335755 3.7430193302648727
37.583740428844415 3.70206677585755
39.810717055349734 3.6611142214502275
42.169650342858226 3.6201616670429044
44.668359215096324 3.5792091126355814
47.315125896148054 3.538256558228259
50.11872336272722 3.497304003820936
53.08844442309885 3.4563514494136136
56.23413251903491 3.415398895006291
59.56621435290106 3.3744463405989675
63.09573444801933 3.333493786191645
66.83439175686145 3.2925412317843223
70.79457843841381 3.2515886773769993
74.98942093324558 3.210636122969677
79.43282347242817 3.169683568562354
84.13951416451951 3.1287310141550315
89.12509381337455 3.087778459747709
94.40608762859236 3.046825905340386
100. 3.0058733509330633
105.92537251772886 2.9649207965257407
112.20184543019641 2.923968242118417
118.85022274370189 2.8830156877110946
125.89254117941675 2.842063133303772
133.3521432163324 2.8011105788964494
141.2537544622754 2.760158024489127
149.62356560944343 2.719205470081804
158.48931924611142 2.6782529156744808
167.88040181225605 2.637300361267158
177.82794100389228 2.5963478068598356
188.36490894898 2.555395252452513
199.52623149688807 2.5144426980451895
211.34890398366477 2.4734901436378673
223.872113856834 2.4325375892305448
237.13737056616552 2.391585034823222
251.18864315095797 2.350632480415899
266.0725059798811 2.3096799260085756
281.8382931264455 2.2687273716012535
298.538261891796 2.227774817193931
316.22776601683796 2.1868222627866083
334.9654391578276 2.145869708379286
354.81338923357566 2.1049171539719627
375.8374042884443 2.06396459956464
398.1071705534973 2.0230120451573175
421.6965034285823 1.9820594907499947
446.683592150963 1.9411069363426723
473.1512589614808 1.9001543819353488
501.18723362727246 1.859201827528026
530.8844442309885 1.8182492731207036
562.341325190349 1.7772967187133806
595.6621435290103 1.7363441643060582
630.9573444801937 1.695391609898735
668.3439175686149 1.6544390554914123
707.945784384138 1.6134865010840898
749.8942093324558 1.5725339466767672
794.3282347242813 1.5315813922694446
841.3951416451956 1.490628837862121
891.2509381337459 1.4496762834547985
944.0608762859235 1.4086378159408408
1000. 1.3672556960003415
1059.2537251772887 1.3247251947435212
1122.018454301964 1.2839611928809318
1188.502227437019 1.248120640554264
1258.9254117941675 1.215267971352505
1333.521432163324 1.1824153021507455
1412.537544622754 1.1495626329489856
1496.2356560944343 1.1167422287979807
1584.893192461114 1.0840281049094904
1678.8040181225606 1.0525546886352195
1778.2794100389228 1.0233467939635603
1883.6490894898002 0.9963485655052302
1995.262314968881 0.9694524224789101
2113.489039836648 0.9415801016308345
2238.72113856834 0.9122365749347696
2371.373705661655 0.8836014890239343
2511.886431509582 0.8593376680534808
2660.7250597988113 0.8407889044535306
2818.382931264455 0.8231777496822088
2985.3826189179604 0.8055665949108872
3162.2776601683795 0.7871303901799004
3349.6543915782795 0.7675611129231918
3548.1338923357566 0.7473739623092803
3758.374042884443 0.7279097393480212
3981.0717055349733 0.7113372269973703
4216.965034285822 0.7015270923650729
4466.835921509635 0.6917169577327755
4731.512589614807 0.6819068231004782
5011.872336272725 0.6720966884681809
5308.8444423098845 0.6622865538358836
5623.413251903491 0.6524764192035863
5956.62143529011 0.6426662845712888
6309.573444801937 0.6328561499389915
6683.439175686149 0.6231160736028781
7079.457843841381 0.6134248190796767
7498.942093324558 0.6037367389796591
7943.282347242822 0.5940486588796412
8413.951416451957 0.5843605787796236
8912.509381337459 0.5750250823495328
9440.608762859236 0.5661168349027561
10000. 0.5574549539387581
10592.537251772897 0.5490044548952988
11220.18454301963 0.5412776969006533
11885.022274370189 0.5335509389060074
12589.254117941688 0.5258241809113615
13335.21432163324 0.5180974229167159
14125.375446227554 0.51037066492207
14962.356560944329 0.5030664704119319
15848.93192461114 0.497452529839823
16788.040181225624 0.4925021347530017
17782.794100389227 0.4875517396661806
18836.49089489802 0.4826013445793593
19952.62314968879 0.47765094949253817
21134.890398366475 0.47270055440571696
22387.211385683422 0.4677501593188956
23713.737056616552 0.46279976423207453
25118.864315095823 0.45784936914525326
26607.250597988084 0.45289897405843227
28183.82931264455 0.447948578971611
29853.826189179632 0.4429981838847896
31622.776601683792 0.4380477887979686
33496.54391578279 0.43326757885764244
35481.33892335753 0.4285956797774477
37583.74042884443 0.4239508995188969
39810.71705534977 0.4193061466647535
42169.65034285822 0.4146613938106103
44668.359215096345 0.41001664095646706
47315.12589614803 0.40537188810232383
50118.72336272725 0.40072713524818054
53088.4444230989 0.39608238239403715
56234.13251903491 0.3914376295398941
59566.214352901094 0.3867928766857507
63095.7344480193 0.3821481238316076
66834.39175686149 0.37750337097746434
70794.57843841388 0.37285861812332094
74989.42093324558 0.36821386526917776
79432.82347242821 0.3637694517024021
84139.51416451948 0.3596529325735085
89125.0938133746 0.35564595547193634
94406.08762859246 0.3516389783703641
100000. 0.347632001268792
105925.37251772897 0.34388507662380396
112201.84543019629 0.34052433609120836
118850.22274370189 0.3374828192706174
125892.54117941688 0.3344413024500264
133352.1432163324 0.33139978562943556
141253.75446227554 0.32867930582051097
149623.5656094433 0.3261197172806036
158489.3192461114 0.32358032383434476
167880.40181225623 0.32099514754395697
177827.94100389228 0.318428197379567
188364.9089489802 0.315861247215177
199526.2314968879 0.31329429705078693
211348.90398366476 0.3107506291788953
223872.11385683424 0.30785247696665713
237137.37056616554 0.30456103384019073
251188.6431509582 0.30191646226888347
266072.50597988087 0.30014866838347165
281838.2931264455 0.2983808744980597
298538.2618917963 0.2966881521503698
316227.7660168379 0.2952536406095417
334965.43915782793 0.29412021429324153
354813.3892335753 0.29294215018477204
375837.4042884443 0.2917640860763025
398107.17055349774 0.2905860219678329
421696.5034285823 0.28941027705689326
446683.5921509635 0.2882426083881434
473151.2589614803 0.2870721102197499
501187.2336272725 0.2858511133897618
530884.444230989 0.28451908956111305
562341.3251903491 0.28313812614537437
595662.1435290109 0.2817839831397799
630957.3444801943 0.28075709727094966
668343.9175686149 0.28018532641907634
707945.7843841388 0.279626694042113
749894.2093324559 0.27906806166514964
794328.2347242822 0.27850942928818634
841395.1416451965 0.27795079691122293
891250.9381337459 0.2773921645342596
944060.8762859246 0.2768410774208258
1.e6 0.2763201713615104
1.0592537251772897e6 0.27600779885138527
1.1220184543019652e6 0.2756954263412602
1.1885022274370189e6 0.2753830538311351
1.2589254117941686e6 0.27508225023256405
1.333521432163324e6 0.27480283053628163
1.4125375446227554e6 0.27453953297982947
1.4962356560944358e6 0.2742762354233773
1.5848931924611141e6 0.27401293786692515
1.6788040181225624e6 0.273749640310473
1.778279410038923e6 0.27348634275402084
1.883649089489802e6 0.2732230451975686
1.9952623149688828e6 0.27295974764111647
2.1134890398366475e6 0.2726964500846643
2.238721138568342e6 0.2724860615094924
2.3713737056616554e6 0.2724358420007783
2.5118864315095823e6 0.27248168949161367
2.660725059798814e6 0.2725233941300747
2.818382931264455e6 0.27255989264629094
2.9853826189179635e6 0.2725963911625072
3.1622776601683795e6 0.2726321768459121
3.3496543915782794e6 0.27265648393869335
3.5481338923357604e6 0.27265527421008706
3.7583740428844434e6 0.2726248683714355
3.9810717055349774e6 0.27258557749124407
4.216965034285823e6 0.27254628661105257
4.466835921509635e6 0.2725069957308611
4.731512589614812e6 0.2724677048506696
5.011872336272725e6 0.2724284139704781
5.30884444230989e6 0.2723891230902867
5.623413251903491e6 0.27234983221009523
5.956621435290109e6 0.27231054132990373
6.309573444801942e6 0.2722712504497123
6.683439175686149e6 0.27226465699521607
7.079457843841388e6 0.2722837758140767
7.498942093324558e6 0.2723087656172773
7.943282347242822e6 0.27233375542047794
8.413951416451965e6 0.27235874522367853
8.912509381337458e6 0.2723837350268792
9.440608762859246e6 0.27240872483007983
1.e7 0.27242564664394764
1.0592537251772897e7 0.2724202293760164
1.1220184543019652e7 0.2723738637168853
1.188502227437019e7 0.27232749805775414
1.2589254117941687e7 0.27228113239862306
1.333521432163324e7 0.272234766739492
1.4125375446227554e7 0.27218840108036085
1.4962356560944358e7 0.27214824555934936
1.5848931924611142e7 0.2721329305908163
1.6788040181225624e7 0.27214002183291514
1.7782794100389227e7 0.27214711307501405
1.883649089489802e7 0.2721542043171129
1.995262314968883e7 0.27216129555921187
2.1134890398366477e7 0.27214203271489096
2.2387211385683425e7 0.2720173535248908
2.3713737056616552e7 0.2718848489829827
2.5118864315095823e7 0.27175234444107454
2.660725059798814e7 0.2716198398991665
2.818382931264455e7 0.2714774737715844
2.9853826189179633e7 0.27130727540609995
3.162277660168379e7 0.2710849176030492
3.3496543915782794e7 0.27086255979999846
3.5481338923357606e7 0.2706402019969477
3.758374042884443e7 0.2704178441938969
3.9810717055349775e7 0.27019548639084623
4.2169650342858225e7 0.2699731285877955
4.466835921509635e7 0.2697507707847447
4.731512589614812e7 0.26952841298169394
5.011872336272725e7 0.26930605517864326
5.30884444230989e7 0.26908369737559246
5.623413251903491e7 0.2688613395725417
5.956621435290109e7 0.26863898176949097
6.309573444801943e7 0.2684166239664402
6.6834391756861486e7 0.2681942661633895
7.079457843841387e7 0.2679719083603388
7.498942093324558e7 0.267749550557288
7.943282347242822e7 0.26752719275423725
8.413951416451965e7 0.2673048349511865
8.91250938133746e7 0.2670824771481358
9.440608762859245e7 0.266860119345085
1.e8 0.26663776154203433