#Columns: M_EDO [M_sun], f_EDO
10. 3.2346266066507683
10.592537251772887 3.1943355724514655
11.220184543019636 3.1540445382521614
11.885022274370183 3.1137535040528572
12.589254117941675 3.0734624698535535
13.33521432163324 3.03317143565425
14.12537544622754 2.992880401454946
14.962356560944336 2.9525893672556416
15.848931924611133 2.9122983330563352
16.788040181225607 2.8720072988570338
17.78279410038923 2.8317162646577305
18.836490894898002 2.791425230458427
19.952623149688797 2.751134196259123
21.134890398366466 2.7108431620598195
22.3872113856834 2.6705521278605158
23.71373705661655 2.630261093661212
25.118864315095795 2.589970059461908
26.6072505979881 2.549679025262604
28.183829312644534 2.5093879910633
29.853826189179603 2.4690969568639964
31.622776601683793 2.4288059226646928
33.49654391578277 2.388514888465388
35.48133892335755 2.348223854266085
37.583740428844415 2.3079328200667812
39.810717055349734 2.267641785867477
42.169650342858226 2.2273507516681734
44.668359215096324 2.1870597174688697
47.315125896148054 2.1467686832695656
50.11872336272722 2.106477649070262
53.08844442309885 2.066186614870958
56.23413251903491 2.025895580671654
59.56621435290106 1.9856045464723502
63.09573444801933 1.9453135122730465
66.83439175686145 1.9050224780737428
70.79457843841381 1.8647314438744387
74.98942093324558 1.8244404096751352
79.43282347242817 1.7841493754758309
84.13951416451951 1.7438583412765274
89.12509381337455 1.7035673070772233
94.40608762859236 1.6399785781359377
100. 1.5990386555082532
105.92537251772886 1.5643816531874908
112.20184543019641 1.530138463352409
118.85022274370189 1.495152361340817
125.89254117941675 1.4571946106231803
133.3521432163324 1.416370361717584
141.2537544622754 1.379814877824972
149.62356560944343 1.3444484825387752
158.48931924611142 1.3114605050871004
167.88040181225605 1.2821303392989147
177.82794100389228 1.2536485025702384
188.36490894898 1.225166665841562
199.52623149688807 1.197520376402142
211.34890398366477 1.17061937755131
223.872113856834 1.1440214186450537
237.13737056616552 1.1172262111408566
251.18864315095797 1.089969384642536
266.0725059798811 1.0627125581442152
281.8382931264455 1.0362586400304938
298.538261891796 1.0120912562784292
316.22776601683796 0.9898049339079471
334.9654391578276 0.9684048861377987
354.81338923357566 0.9476067975415159
375.8374042884443 0.9268087089452335
398.1071705534973 0.9060106203489511
421.6965034285823 0.8852125317526685
446.683592150963 0.864414443156386
473.1512589614808 0.8436365181367538
501.18723362727246 0.8229392474237249
530.8844442309885 0.8027078604900664
562.341325190349 0.7824764735564076
595.6621435290103 0.762245086622749
630.9573444801937 0.7420136996890899
668.3439175686149 0.7218544698779397
707.945784384138 0.7019838685568225
749.8942093324558 0.6830600479356157
794.3282347242813 0.6641362273144088
841.3951416451956 0.6452124066932017
891.2509381337459 0.6262885860719949
944.0608762859235 0.6077099321493095
1000. 0.5905119450207096
1059.2537251772887 0.572857224101545
1122.018454301964 0.5560303293673384
1188.502227437019 0.5415106873044121
1258.9254117941675 0.5283912426581794
1333.521432163324 0.5152717980119464
1412.537544622754 0.5021523533657136
1496.2356560944343 0.4890480289363124
1584.893192461114 0.47599351011937896
1678.8040181225606 0.4634737423417372
1778.2794100389228 0.4519285602773565
1883.6490894898002 0.4413339359653732
1995.262314968881 0.43078322692811233
2113.489039836648 0.41971033217848486
2238.72113856834 0.4081072230105366
2371.373705661655 0.3969279868946822
2511.886431509582 0.3877808911377233
2660.7250597988113 0.3812354260506806
2818.382931264455 0.3751293481166261
2985.3826189179604 0.36902327018257153
3162.2776601683795 0.3625622709348164
3349.6543915782795 0.3556138447323221
3548.1338923357566 0.3483996207789521
3758.374042884443 0.34150770569333005
3981.0717055349733 0.3359050260786999
4216.965034285822 0.33329098480375297
4466.835921509635 0.33067694352880606
4731.512589614807 0.3280629022538591
5011.872336272725 0.3254488609789122
5308.8444423098845 0.3228348197039653
5623.413251903491 0.3202207784290184
5956.62143529011 0.31760673715407145
6309.573444801937 0.31499269587912454
6683.439175686149 0.31240879239429076
7079.457843841381 0.3098458911551669
7498.942093324558 0.30728435549449507
7943.282347242822 0.30472281983382327
8413.951416451957 0.3020520962445878
8912.509381337459 0.29944618815671
9440.608762859236 0.29701539619639894
10000. 0.294699277465753
10592.537251772897 0.29247409134840063
11220.18454301963 0.2905602453151425
11885.022274370189 0.2886463992818843
12589.254117941688 0.286732553248626
13335.21432163324 0.2848187072153679
14125.375446227554 0.28290486118210967
14962.356560944329 0.2811727941857285
15848.93192461114 0.28016784333685496
16788.040181225624 0.2794483375481012
17782.794100389227 0.2787288317593475
18836.49089489802 0.2781830979845574
19952.62314968879 0.27776963516945496
21134.890398366475 0.2773808067799203
22387.211385683422 0.27699197839038553
23713.737056616552 0.27660315000085084
25118.864315095823 0.2762143216113161
26607.250597988084 0.2758254932217814
28183.82931264455 0.2754366648322467
29853.826189179632 0.27504783644271197
31622.776601683792 0.2746590080531772
33496.54391578279 0.27434339018266485
35481.33892335753 0.2740776737909342
37583.74042884443 0.2738244520324942
39810.71705534977 0.27357124311645103
42169.65034285822 0.2733180342004078
44668.359215096345 0.2730648252843646
47315.12589614803 0.2728116163683214
50118.72336272725 0.27255840745227816
53088.4444230989 0.2723051985362349
56234.13251903491 0.2720519896201918
59566.214352901094 0.27179878070414853
63095.7344480193 0.27154557178810534
66834.39175686149 0.27129236287206215
70794.57843841388 0.2710391539560189
74989.42093324558 0.2707487176484389
79432.82347242821 0.2704204658553061
84139.51416451948 0.27007271822538126
89125.0938133746 0.2697249705954563
94406.08762859246 0.2693772229655314
100000. 0.2690294753356065
105925.37251772897 0.26879444925134677
112201.84543019629 0.26870367257051714
118850.22274370189 0.2687165484491675
125892.54117941688 0.2687294243278179
133352.1432163324 0.2687423002064683
141253.75446227554 0.26889328030122384
149623.5656094433 0.26911806744529176
158489.3192461114 0.2693690419195503
167880.40181225623 0.2696189845433905
177827.94100389228 0.26986479976555733
188364.9089489802 0.2699004410014312
199526.2314968879 0.2699360822373051
211348.90398366476 0.269971723473179
223872.11385683424 0.2700073647090529
237137.37056616554 0.2700430059449268
251188.6431509582 0.2700786471808007
266072.50597988087 0.2701142884166746
281838.2931264455 0.2701499296525485
298538.2618917963 0.27018557088842243
316227.7660168379 0.27022121212429634
334965.43915782793 0.27025685336017025
354813.3892335753 0.2702924945960441
375837.4042884443 0.27032813583191806
398107.17055349774 0.2703637770677919
421696.5034285823 0.2703994183036658
446683.5921509635 0.2704350595395397
473151.2589614803 0.2704647845386872
501187.2336272725 0.2704708445909291
530884.444230989 0.27042528478018896
562341.3251903491 0.2703555289128708
595662.1435290109 0.2703191439155572
630957.3444801943 0.27036619104971393
668343.9175686149 0.27049896649692673
707945.7843841388 0.2706317419441395
749894.2093324559 0.2707645173913523
794328.2347242822 0.2708972928385651
841395.1416451965 0.2710300682857779
891250.9381337459 0.27120851672391494
944060.8762859246 0.27147684657599724
1.e6 0.2718306641383147
1.0592537251772897e6 0.27218448170063214
1.1220184543019652e6 0.27253829926294965
1.1885022274370189e6 0.2728921168252671
1.2589254117941686e6 0.27324593438758454
1.333521432163324e6 0.273599751949902
1.4125375446227554e6 0.2739535695122195
1.4962356560944358e6 0.27430738707453695
1.5848931924611141e6 0.2746612046368544
1.6788040181225624e6 0.2750150221991719
1.778279410038923e6 0.27536883976148935
1.883649089489802e6 0.2757226573238068
1.9952623149688828e6 0.27607647488612425
2.1134890398366475e6 0.27643029244844175
2.238721138568342e6 0.2767841100107592
2.3713737056616554e6 0.27713792757307665
2.5118864315095823e6 0.2774917451353941
2.660725059798814e6 0.2778455626977116
2.818382931264455e6 0.27819938026002905
2.9853826189179635e6 0.2785531978223465
3.1622776601683795e6 0.278906708737103
3.3496543915782794e6 0.2792552817733518
3.5481338923357604e6 0.27959218660177093
3.7583740428844434e6 0.27990183863954754
3.9810717055349774e6 0.2801530438952615
4.216965034285823e6 0.28038337771492094
4.466835921509635e6 0.28061371153458037
4.731512589614812e6 0.2808440453542398
5.011872336272725e6 0.2810533072775321
5.30884444230989e6 0.2812074387470159
5.623413251903491e6 0.2812674797794682
5.956621435290109e6 0.2813275208119206
6.309573444801942e6 0.28138756184437286
6.683439175686149e6 0.2814476028768252
7.079457843841388e6 0.2815076439092775
7.498942093324558e6 0.2815676849417299
7.943282347242822e6 0.2816277259741822
8.413951416451965e6 0.28168776700663456
8.912509381337458e6 0.28174780803908683
9.440608762859246e6 0.2818078490715392
1.e7 0.2818644194034123
1.0592537251772897e7 0.2819113798732811
1.1220184543019652e7 0.2819407250986083
1.188502227437019e7 0.2819700703239355
1.2589254117941687e7 0.2819994155492626
1.333521432163324e7 0.2820094199126829
1.4125375446227554e7 0.2819812706627418
1.4962356560944358e7 0.2819152318546655
1.5848931924611142e7 0.2818491930465892
1.6788040181225624e7 0.28157582366087575
1.7782794100389227e7 0.28130134056836065
1.883649089489802e7 0.28102657904914496
1.995262314968883e7 0.2807518175299294
2.1134890398366477e7 0.2804647058209032
2.2387211385683425e7 0.28012819335263495
2.3713737056616552e7 0.2797880137270288
2.5118864315095823e7 0.27944783410142254
2.660725059798814e7 0.27910765447581637
2.818382931264455e7 0.2787632325774828
2.9853826189179633e7 0.27840683776245034
3.162277660168379e7 0.27802800491698587
3.3496543915782794e7 0.2776491720715213
3.5481338923357606e7 0.2772703392260568
3.758374042884443e7 0.2768915063805923
3.9810717055349775e7 0.27651267353512776
4.2169650342858225e7 0.2761338406896633
4.466835921509635e7 0.2757550078441988
4.731512589614812e7 0.27537617499873424
5.011872336272725e7 0.27499734215326976
5.30884444230989e7 0.2746185093078052
5.623413251903491e7 0.2742396764623407
5.956621435290109e7 0.2738608436168762
6.309573444801943e7 0.27348201077141165
6.6834391756861486e7 0.2731031779259472
7.079457843841387e7 0.27272434508048266
7.498942093324558e7 0.27234551223501813
7.943282347242822e7 0.27196667938955366
8.413951416451965e7 0.27158784654408913
8.91250938133746e7 0.27120901369862466
9.440608762859245e7 0.27083018085316013
1.e8 0.27045134800769566