#Columns: M_EDO [M_sun], f_EDO
10. 4.970834460672478
10.592537251772887 4.938056842983559
11.220184543019636 4.905279225294639
11.885022274370183 4.872501607605718
12.589254117941675 4.8397239899168
13.33521432163324 4.806946372227882
14.12537544622754 4.774168754538962
14.962356560944336 4.741391136850041
15.848931924611133 4.708613519161123
16.788040181225607 4.6758359014722055
17.78279410038923 4.6430582837832866
18.836490894898002 4.610280666094368
19.952623149688797 4.577503048405449
21.134890398366466 4.544725430716531
22.3872113856834 4.511947813027611
23.71373705661655 4.479170195338691
25.118864315095795 4.446392577649772
26.6072505979881 4.413614959960853
28.183829312644534 4.380837342271934
29.853826189179603 4.348059724583015
31.622776601683793 4.315282106894095
33.49654391578277 4.282504489205177
35.48133892335755 4.249726871516257
37.583740428844415 4.216949253827338
39.810717055349734 4.184171636138419
42.169650342858226 4.1513940184495
44.668359215096324 4.118616400760581
47.315125896148054 4.085838783071662
50.11872336272722 4.0530611653827435
53.08844442309885 4.020283547693824
56.23413251903491 3.987505930004905
59.56621435290106 3.9547283123159853
63.09573444801933 3.921950694627067
66.83439175686145 3.8891730769381474
70.79457843841381 3.856395459249228
74.98942093324558 3.8236178415603095
79.43282347242817 3.79084022387139
84.13951416451951 3.7580626061824707
89.12509381337455 3.725284988493552
94.40608762859236 3.6925073708046323
100. 3.6597297531157134
105.92537251772886 3.6269521354267944
112.20184543019641 3.5941745177378754
118.85022274370189 3.5613969000489565
125.89254117941675 3.5286192823600375
133.3521432163324 3.495841664671118
141.2537544622754 3.463064046982199
149.62356560944343 3.4302864292932798
158.48931924611142 3.397508811604361
167.88040181225605 3.364731193915442
177.82794100389228 3.331953576226523
188.36490894898 3.299175958537604
199.52623149688807 3.266398340848684
211.34890398366477 3.233620723159765
223.872113856834 3.200843105470846
237.13737056616552 3.168065487781927
251.18864315095797 3.1352878700930082
266.0725059798811 3.1025102524040884
281.8382931264455 3.0697326347151694
298.538261891796 3.0369550170262505
316.22776601683796 3.0041773993373315
334.9654391578276 2.971399781648413
354.81338923357566 2.938622163959493
375.8374042884443 2.9058445462705746
398.1071705534973 2.8730669285816552
421.6965034285823 2.840289310892736
446.683592150963 2.807511693203817
473.1512589614808 2.7747340755148975
501.18723362727246 2.7419564578259785
530.8844442309885 2.70917884013706
562.341325190349 2.6764012224481406
595.6621435290103 2.6436236047592216
630.9573444801937 2.6108459870703022
668.3439175686149 2.5780683693813833
707.945784384138 2.545290751692464
749.8942093324558 2.5125131340035454
794.3282347242813 2.479735516314626
841.3951416451956 2.4469578986257066
891.2509381337459 2.4141802809367876
944.0608762859235 2.3813672198036313
1000. 2.348412384893524
1059.2537251772887 2.3149837853770308
1122.018454301964 2.2822839550230922
1188.502227437019 2.2516152933221956
1258.9254117941675 2.2221792825295665
1333.521432163324 2.1927432717369366
1412.537544622754 2.1633072609443067
1496.2356560944343 2.133884561095397
1584.893192461114 2.1045057071590096
1678.8040181225606 2.0756573773754363
1778.2794100389228 2.047778526268126
1883.6490894898002 2.020845251787855
1995.262314968881 1.9939556624568997
2113.489039836648 1.9666892407178387
2238.72113856834 1.9388158731415541
2371.373705661655 1.911251322608511
2511.886431509582 1.8855215941073924
2660.7250597988113 1.8621802477606098
2818.382931264455 1.8392257118498088
2985.3826189179604 1.8162711759390082
3162.2776601683795 1.7929635785778884
3349.6543915782795 1.769171108483231
3548.1338923357566 1.7451142334746026
3758.374042884443 1.7213621915104662
3981.0717055349733 1.6988294817242982
4216.965034285822 1.6791587432332686
4466.835921509635 1.6594880047422391
4731.512589614807 1.6398172662512098
5011.872336272725 1.6201465277601805
5308.8444423098845 1.6004757892691512
5623.413251903491 1.580805050778122
5956.62143529011 1.5611343122870924
6309.573444801937 1.5414635737960631
6683.439175686149 1.5218228151666988
7079.457843841381 1.502202948726798
7498.942093324558 1.4825844407094264
7943.282347242822 1.4629659326920543
8413.951416451957 1.4433474246746831
8912.509381337459 1.4238743750178986
9440.608762859236 1.4045775868898698
10000. 1.3853827493596422
10592.537251772897 1.36627836793642
11220.18454301963 1.347483695108849
11885.022274370189 1.328689022281277
12589.254117941688 1.3098943494537052
13335.21432163324 1.2910996766261342
14125.375446227554 1.2723050037985624
14962.356560944329 1.253691157446945
15848.93192461114 1.2358006169991416
16788.040181225624 1.2181940258184627
17782.794100389227 1.2005874346377845
18836.49089489802 1.1829808434571056
19952.62314968879 1.1653742522764274
21134.890398366475 1.1477676610957488
22387.211385683422 1.1301610699150697
23713.737056616552 1.1125544787343915
25118.864315095823 1.0949478875537126
26607.250597988084 1.0773412963730347
28183.82931264455 1.0597347051923558
29853.826189179632 1.042128114011677
31622.776601683792 1.0245215228309987
33496.54391578279 1.0069877585306082
35481.33892335753 0.9894990201547842
37583.74042884443 0.9720215552186297
39810.71705534977 0.954544101588161
42169.65034285822 0.937066647957693
44668.359215096345 0.9195891943272243
47315.12589614803 0.9021117406967563
50118.72336272725 0.8846342870662877
53088.4444230989 0.867156833435819
56234.13251903491 0.849679379805351
59566.214352901094 0.8322019261748823
63095.7344480193 0.8147244725444143
66834.39175686149 0.7972470189139457
70794.57843841388 0.7797695652834769
74989.42093324558 0.7622921116530088
79432.82347242821 0.7456878915864775
84139.51416451948 0.7305128890855527
89125.0938133746 0.7158153554634269
94406.08762859246 0.701117821841301
100000. 0.6864202882191757
105925.37251772897 0.6719070529262059
112201.84543019629 0.6578624038609859
118850.22274370189 0.6443363358082337
125892.54117941688 0.6308102677554814
133352.1432163324 0.6172841997027297
141253.75446227554 0.6038955121705353
149623.5656094433 0.5905336907312994
158489.3192461114 0.5770254437954468
167880.40181225623 0.5633276777929834
177827.94100389228 0.5497204723550482
188364.9089489802 0.5361132669171125
199526.2314968879 0.5225060614791772
211348.90398366476 0.5089016587858671
223872.11385683424 0.4933903940016033
237137.37056616554 0.47581956466844655
251188.6431509582 0.46146286066393627
266072.50597988087 0.45146262178044266
281838.2931264455 0.4414623828969487
298538.2618917963 0.4317893638378665
316227.7660168379 0.42324112721767504
334965.43915782793 0.4159973962294872
354813.3892335753 0.4085318724336199
375837.4042884443 0.40106634863775226
398107.17055349774 0.39360082484188463
421696.5034285823 0.3861468244952455
446683.5921509635 0.37873295275586305
473151.2589614803 0.3713625421735893
501187.2336272725 0.3639712983731209
530884.444230989 0.356534086318649
562341.3251903491 0.3491046526285312
595662.1435290109 0.3418473967638196
630957.3444801943 0.3362003096688477
668343.9175686149 0.3328145628535376
707945.7843841388 0.3294940974757107
749894.2093324559 0.32617363209788397
794328.2347242822 0.32285316672005704
841395.1416451965 0.3195327013422301
891250.9381337459 0.31621223596440334
944060.8762859246 0.31292465868081576
1.e6 0.30976863377418556
1.0592537251772897e6 0.3075215593622517
1.1220184543019652e6 0.3052744849503178
1.1885022274370189e6 0.30302741053838395
1.2589254117941686e6 0.3008378188389828
1.333521432163324e6 0.29875447781859693
1.4125375446227554e6 0.2967512432390754
1.4962356560944358e6 0.29474800865955386
1.5848931924611141e6 0.29274477408003247
1.6788040181225624e6 0.29074153950051096
1.778279410038923e6 0.2887383049209895
1.883649089489802e6 0.286735070341468
1.9952623149688828e6 0.2847318357619464
2.1134890398366475e6 0.282728601182425
2.238721138568342e6 0.280988256655016
2.3713737056616554e6 0.2800437477912122
2.5118864315095823e6 0.2795777245757649
2.660725059798814e6 0.2790936436054393
2.818382931264455e6 0.2785868703277694
2.9853826189179635e6 0.2780800970500995
3.1622776601683795e6 0.2775730187317672
3.3496543915782794e6 0.27706102841046376
3.5481338923357604e6 0.27653839527945967
3.7583740428844434e6 0.27600371729594275
3.9810717055349774e6 0.275465373789356
4.216965034285823e6 0.2749270302827692
4.466835921509635e6 0.27438868677618244
4.731512589614812e6 0.2738503432695957
5.011872336272725e6 0.2733119997630089
5.30884444230989e6 0.27277365625642214
5.623413251903491e6 0.27223531274983537
5.956621435290109e6 0.2716969692432486
6.309573444801942e6 0.2711586257366619
6.683439175686149e6 0.2707628029006166
7.079457843841388e6 0.2704790540386546
7.498942093324558e6 0.27022089546727623
7.943282347242822e6 0.26996273689589795
8.413951416451965e6 0.26970457832451955
8.912509381337458e6 0.26944641975314126
9.440608762859246e6 0.2691882611817629
1.e7 0.2689266500970166
1.0592537251772897e7 0.2686554795079925
1.1220184543019652e7 0.2683667859820652
1.188502227437019e7 0.2680780924561379
1.2589254117941687e7 0.2677893989302106
1.333521432163324e7 0.2675007054042833
1.4125375446227554e7 0.26721201187835597
1.4962356560944358e7 0.2669503869374974
1.5848931924611142e7 0.266797036336914
1.6788040181225624e7 0.2667413493320314
1.7782794100389227e7 0.2666856623271488
1.883649089489802e7 0.2666299753222662
1.995262314968883e7 0.2665742883173836
2.1134890398366477e7 0.2665077289365734
2.2387211385683425e7 0.26639768005205244
2.3713737056616552e7 0.26628440281932186
2.5118864315095823e7 0.2661711255865914
2.660725059798814e7 0.2660578483538608
2.818382931264455e7 0.2659403510788168
2.9853826189179633e7 0.26581094362771096
3.162277660168379e7 0.2656592157262382
3.3496543915782794e7 0.2655074878247654
3.5481338923357606e7 0.2653557599232925
3.758374042884443e7 0.26520403202181975
3.9810717055349775e7 0.26505230412034697
4.2169650342858225e7 0.26490057621887414
4.466835921509635e7 0.2647488483174013
4.731512589614812e7 0.26459712041592853
5.011872336272725e7 0.26444539251445576
5.30884444230989e7 0.2642936646129829
5.623413251903491e7 0.2641419367115101
5.956621435290109e7 0.2639902088100373
6.309573444801943e7 0.26383848090856454
6.6834391756861486e7 0.2636867530070917
7.079457843841387e7 0.2635350251056189
7.498942093324558e7 0.2633832972041461
7.943282347242822e7 0.26323156930267333
8.413951416451965e7 0.26307984140120044
8.91250938133746e7 0.26292811349972767
9.440608762859245e7 0.2627763855982549
1.e8 0.2626246576967821