#Columns: M_EDO [M_sun], f_EDO
10. 5.134263927395731
10.592537251772887 5.105573778066013
11.220184543019636 5.0768836287362955
11.885022274370183 5.048193479406574
12.589254117941675 5.019503330076859
13.33521432163324 4.990813180747143
14.12537544622754 4.962123031417425
14.962356560944336 4.933432882087705
15.848931924611133 4.904742732757992
16.788040181225607 4.876052583428274
17.78279410038923 4.8473624340985575
18.836490894898002 4.81867228476884
19.952623149688797 4.789982135439123
21.134890398366466 4.761291986109406
22.3872113856834 4.732601836779688
23.71373705661655 4.7039116874499705
25.118864315095795 4.675221538120254
26.6072505979881 4.646531388790537
28.183829312644534 4.6178412394608195
29.853826189179603 4.589151090131102
31.622776601683793 4.560460940801384
33.49654391578277 4.531770791471668
35.48133892335755 4.503080642141951
37.583740428844415 4.474390492812233
39.810717055349734 4.445700343482516
42.169650342858226 4.417010194152798
44.668359215096324 4.388320044823081
47.315125896148054 4.359629895493363
50.11872336272722 4.330939746163646
53.08844442309885 4.30224959683393
56.23413251903491 4.273559447504212
59.56621435290106 4.244869298174494
63.09573444801933 4.216179148844777
66.83439175686145 4.18748899951506
70.79457843841381 4.158798850185343
74.98942093324558 4.130108700855626
79.43282347242817 4.101418551525908
84.13951416451951 4.072728402196191
89.12509381337455 4.044038252866473
94.40608762859236 4.015348103536756
100. 3.986657954207039
105.92537251772886 3.9579678048773212
112.20184543019641 3.929277655547604
118.85022274370189 3.900587506217887
125.89254117941675 3.87189735688817
133.3521432163324 3.8432072075584522
141.2537544622754 3.814517058228735
149.62356560944343 3.7858269088990175
158.48931924611142 3.7571367595693004
167.88040181225605 3.7284466102395832
177.82794100389228 3.6997564609098657
188.36490894898 3.671066311580149
199.52623149688807 3.6423761622504314
211.34890398366477 3.6136860129207142
223.872113856834 3.584995863590997
237.13737056616552 3.5563057142612795
251.18864315095797 3.527615564931563
266.0725059798811 3.498925415601845
281.8382931264455 3.4702352662721276
298.538261891796 3.44154511694241
316.22776601683796 3.4128549676126934
334.9654391578276 3.3841648182829767
354.81338923357566 3.355474668953258
375.8374042884443 3.3267845196235415
398.1071705534973 3.298094370293824
421.6965034285823 3.269404220964107
446.683592150963 3.2407140716343896
473.1512589614808 3.212023922304672
501.18723362727246 3.1833337729749545
530.8844442309885 3.1546436236452378
562.341325190349 3.12595347431552
595.6621435290103 3.0972633249858035
630.9573444801937 3.068573175656086
668.3439175686149 3.0398830263263683
707.945784384138 3.0111928769966516
749.8942093324558 2.982502727666934
794.3282347242813 2.953812578337217
841.3951416451956 2.925122429007499
891.2509381337459 2.896432279677782
944.0608762859235 2.867731921735026
1000. 2.8389907293401153
1059.2537251772887 2.8101130806937853
1122.018454301964 2.781445336094173
1188.502227437019 2.753362619706161
1258.9254117941675 2.7256349381180964
1333.521432163324 2.697907256530032
1412.537544622754 2.6701795749419674
1496.2356560944343 2.6424557272441054
1584.893192461114 2.614744508283769
1678.8040181225606 2.5872087217455455
1778.2794100389228 2.5599943924204096
1883.6490894898002 2.5330935949291673
1995.262314968881 2.5062072824458945
2113.489039836648 2.4792438102613406
2238.72113856834 2.4521055222449464
2371.373705661655 2.4250762394007994
2511.886431509582 2.3986135571343485
2660.7250597988113 2.3728759194141493
2818.382931264455 2.347249692933609
2985.3826189179604 2.321623466453069
3162.2776601683795 2.2958801727768825
3349.6543915782795 2.2699761062632504
3548.1338923357566 2.2439843690572636
3758.374042884443 2.2180884175916886
3981.0717055349733 2.1925756090877617
4216.965034285822 2.1679745686673666
4466.835921509635 2.143373528246971
4731.512589614807 2.1187724878265755
5011.872336272725 2.0941714474061803
5308.8444423098845 2.069570406985785
5623.413251903491 2.0449693665653896
5956.62143529011 2.020368326144994
6309.573444801937 1.995767285724599
6683.439175686149 1.9711761859486092
7079.457843841381 1.9465920135503585
7498.942093324558 1.92200829157431
7943.282347242822 1.897424569598261
8413.951416451957 1.8728408476222125
8912.509381337459 1.8482990213520818
9440.608762859236 1.8238079628834267
10000. 1.799346647070084
10592.537251772897 1.7749153244569806
11220.18454301963 1.7505866942129467
11885.022274370189 1.726258063968912
12589.254117941688 1.7019294337248771
13335.21432163324 1.6776008034808432
14125.375446227554 1.6532721732368088
14962.356560944329 1.6290035009644515
15848.93192461114 1.604974660578801
16788.040181225624 1.5810399713511931
17782.794100389227 1.5571052821235865
18836.49089489802 1.5331705928959787
19952.62314968879 1.509235903668372
21134.890398366475 1.4853012144407645
22387.211385683422 1.461366525213157
23713.737056616552 1.4374318359855502
25118.864315095823 1.4134971467579425
26607.250597988084 1.3895624575303356
28183.82931264455 1.365627768302728
29853.826189179632 1.3416930790751205
31622.776601683792 1.3177583898475138
33496.54391578279 1.293847848367091
35481.33892335753 1.2699506903434523
37583.74042884443 1.246056883068496
39810.71705534977 1.2221630790498645
42169.65034285822 1.1982692750312343
44668.359215096345 1.174375471012603
47315.12589614803 1.1504816669939726
50118.72336272725 1.1265878629753412
53088.4444230989 1.1026940589567098
56234.13251903491 1.0788002549380793
59566.214352901094 1.0549064509194481
63095.7344480193 1.0310126469008176
66834.39175686149 1.0071188428821864
70794.57843841388 0.9832250388635548
74989.42093324558 0.9593312348449244
79432.82347242821 0.9366471115285153
84139.51416451948 0.9159428673415746
89125.0938133746 0.8959000554591722
94406.08762859246 0.8758572435767695
100000. 0.8558144316943674
105925.37251772897 0.8359180410774067
112201.84543019629 0.8165314377458748
118850.22274370189 0.7977630940770418
125892.54117941688 0.778994750408209
133352.1432163324 0.7602264067393768
141253.75446227554 0.7415036153455474
149623.5656094433 0.7227406774566472
158489.3192461114 0.703748003775998
167880.40181225623 0.6844939429174965
177827.94100389228 0.6653666098427887
188364.9089489802 0.6462392767680802
199526.2314968879 0.6271119436933723
211348.90398366476 0.6079771735893531
223872.11385683424 0.5861593525190765
237137.37056616554 0.5614488300825744
251188.6431509582 0.5412360598614627
266072.50597988087 0.5271195984789282
281838.2931264455 0.5130031370963932
298538.2618917963 0.49933996968161476
316227.7660168379 0.48723487052174175
334965.43915782793 0.47693598719761005
354813.3892335753 0.46632673355804377
375837.4042884443 0.45571747991847716
398107.17055349774 0.44510822627891056
421696.5034285823 0.4345150982144216
446683.5921509635 0.42397812493972276
473151.2589614803 0.41350775815050905
501187.2336272725 0.40303139086480044
530884.444230989 0.39254158469741696
562341.3251903491 0.38208791587010954
595662.1435290109 0.3718791035758394
630957.3444801943 0.36392191586779665
668343.9175686149 0.35912918107076824
707945.7843841388 0.35442779919250955
749894.2093324559 0.349726417314251
794328.2347242822 0.34502503543599244
841395.1416451965 0.34032365355773375
891250.9381337459 0.3356222716794752
944060.8762859246 0.33096644931081076
1.e6 0.32649286498052316
1.0592537251772897e6 0.3232784396176849
1.1220184543019652e6 0.32006401425484654
1.1885022274370189e6 0.31684958889200837
1.2589254117941686e6 0.31371560314219216
1.333521432163324e6 0.31073030145975455
1.4125375446227554e6 0.30785709836869835
1.4962356560944358e6 0.30498389527764214
1.5848931924611141e6 0.30211069218658615
1.6788040181225624e6 0.29923748909552994
1.778279410038923e6 0.29636428600447384
1.883649089489802e6 0.29349108291341763
1.9952623149688828e6 0.2906178798223614
2.1134890398366475e6 0.2877446767313053
2.238721138568342e6 0.2852393542277778
2.3713737056616554e6 0.2838477006864292
2.5118864315095823e6 0.2831257421178406
2.660725059798814e6 0.28237876834312164
2.818382931264455e6 0.2816003591685087
2.9853826189179635e6 0.28082194999389565
3.1622776601683795e6 0.2800434396746948
3.3496543915782794e6 0.27926330064634897
3.5481338923357604e6 0.278479955814146
3.7583740428844434e6 0.2776931417581963
3.9810717055349774e6 0.2769052719384119
4.216965034285823e6 0.27611740211862745
4.466835921509635e6 0.2753295322988431
4.731512589614812e6 0.27454166247905865
5.011872336272725e6 0.2737537926592743
5.30884444230989e6 0.2729659228394899
5.623413251903491e6 0.2721780530197055
5.956621435290109e6 0.2713901831999211
6.309573444801942e6 0.27060231338013674
6.683439175686149e6 0.2700118758533168
7.079457843841388e6 0.26957669315094357
7.498942093324558e6 0.26917696039227573
7.943282347242822e6 0.2687772276336079
8.413951416451965e6 0.2683774948749401
8.912509381337458e6 0.26797776211627233
9.440608762859246e6 0.26757802935760444
1.e7 0.26717715182355106
1.0592537251772897e7 0.2667731045739806
1.1220184543019652e7 0.2663632471146552
1.188502227437019e7 0.2659533896553298
1.2589254117941687e7 0.26554353219600435
1.333521432163324e7 0.2651336747366789
1.4125375446227554e7 0.2647238172773535
1.4962356560944358e7 0.2643514576265714
1.5848931924611142e7 0.2641290892099628
1.6788040181225624e7 0.2640420130815895
1.7782794100389227e7 0.26395493695321615
1.883649089489802e7 0.2638678608248428
1.995262314968883e7 0.2637807846964695
2.1134890398366477e7 0.2636905770474146
2.2387211385683425e7 0.2635878433156333
2.3713737056616552e7 0.2634841797374915
2.5118864315095823e7 0.26338051615934976
2.660725059798814e7 0.2632768525812079
2.818382931264455e7 0.263171789732433
2.9853826189179633e7 0.2630627777385165
3.162277660168379e7 0.2629463647878326
3.3496543915782794e7 0.26282995183714886
3.5481338923357606e7 0.262713538886465
3.758374042884443e7 0.2625971259357811
3.9810717055349775e7 0.26248071298509734
4.2169650342858225e7 0.26236430003441347
4.466835921509635e7 0.2622478870837296
4.731512589614812e7 0.2621314741330458
5.011872336272725e7 0.262015061182362
5.30884444230989e7 0.26189864823167813
5.623413251903491e7 0.2617822352809943
5.956621435290109e7 0.26166582233031044
6.309573444801943e7 0.2615494093796267
6.6834391756861486e7 0.2614329964289428
7.079457843841387e7 0.261316583478259
7.498942093324558e7 0.26120017052757516
7.943282347242822e7 0.2610837575768913
8.413951416451965e7 0.26096734462620746
8.91250938133746e7 0.26085093167552365
9.440608762859245e7 0.26073451872483977
1.e8 0.260618105774156