#Columns: M_EDO [M_sun], f_EDO
10. 5.297693394118983
10.592537251772887 5.273090713148466
11.220184543019636 5.248488032177951
11.885022274370183 5.223885351207431
12.589254117941675 5.199282670236919
13.33521432163324 5.174679989266405
14.12537544622754 5.150077308295888
14.962356560944336 5.125474627325369
15.848931924611133 5.100871946354861
16.788040181225607 5.076269265384344
17.78279410038923 5.0516665844138275
18.836490894898002 5.027063903443313
19.952623149688797 5.002461222472798
21.134890398366466 4.977858541502282
22.3872113856834 4.953255860531766
23.71373705661655 4.92865317956125
25.118864315095795 4.904050498590735
26.6072505979881 4.879447817620219
28.183829312644534 4.854845136649704
29.853826189179603 4.830242455679189
31.622776601683793 4.805639774708673
33.49654391578277 4.781037093738158
35.48133892335755 4.756434412767643
37.583740428844415 4.7318317317971275
39.810717055349734 4.707229050826611
42.169650342858226 4.682626369856097
44.668359215096324 4.6580236888855815
47.315125896148054 4.633421007915064
50.11872336272722 4.60881832694455
53.08844442309885 4.584215645974034
56.23413251903491 4.559612965003519
59.56621435290106 4.535010284033003
63.09573444801933 4.510407603062488
66.83439175686145 4.4858049220919725
70.79457843841381 4.461202241121457
74.98942093324558 4.436599560150942
79.43282347242817 4.411996879180426
84.13951416451951 4.38739419820991
89.12509381337455 4.362791517239395
94.40608762859236 4.33818883626888
100. 4.313586155298363
105.92537251772886 4.288983474327849
112.20184543019641 4.264380793357333
118.85022274370189 4.2397781123868175
125.89254117941675 4.215175431416302
133.3521432163324 4.190572750445787
141.2537544622754 4.1659700694752715
149.62356560944343 4.141367388504755
158.48931924611142 4.116764707534241
167.88040181225605 4.092162026563725
177.82794100389228 4.067559345593209
188.36490894898 4.042956664622695
199.52623149688807 4.018353983652178
211.34890398366477 3.9937513026816633
223.872113856834 3.9691486217111476
237.13737056616552 3.944545940740632
251.18864315095797 3.919943259770117
266.0725059798811 3.895340578799601
281.8382931264455 3.8707378978290854
298.538261891796 3.8461352168585696
316.22776601683796 3.821532535888055
334.9654391578276 3.79692985491754
354.81338923357566 3.7723271739470237
375.8374042884443 3.747724492976509
398.1071705534973 3.723121812005993
421.6965034285823 3.6985191310354777
446.683592150963 3.6739164500649624
473.1512589614808 3.6493137690944466
501.18723362727246 3.624711088123931
530.8844442309885 3.6001084071534164
562.341325190349 3.5755057261829
595.6621435290103 3.550903045212385
630.9573444801937 3.5263003642418695
668.3439175686149 3.5016976832713542
707.945784384138 3.4770950023008385
749.8942093324558 3.452492321330323
794.3282347242813 3.4278896403598074
841.3951416451956 3.4032869593892916
891.2509381337459 3.3786842784187767
944.0608762859235 3.354096623666422
1000. 3.3295690737867067
1059.2537251772887 3.3052423760105407
1122.018454301964 3.2806067171652535
1188.502227437019 3.255109946090127
1258.9254117941675 3.229090593706627
1333.521432163324 3.2030712413231277
1412.537544622754 3.177051888939628
1496.2356560944343 3.151026893392814
1584.893192461114 3.1249833094085284
1678.8040181225606 3.098760066115654
1778.2794100389228 3.0722102585726927
1883.6490894898002 3.0453419380704796
1995.262314968881 3.018458902434889
2113.489039836648 2.991798379804843
2238.72113856834 2.9653951713483386
2371.373705661655 2.938901156193088
2511.886431509582 2.9117055201613042
2660.7250597988113 2.883571591067689
2818.382931264455 2.8552736740174085
2985.3826189179604 2.826975756967129
3162.2776601683795 2.7987967669758764
3349.6543915782795 2.77078110404327
3548.1338923357566 2.742854504639925
3758.374042884443 2.714814643672911
3981.0717055349733 2.6863217364512257
4216.965034285822 2.6567903941014643
4466.835921509635 2.627259051751703
4731.512589614807 2.5977277094019415
5011.872336272725 2.56819636705218
5308.8444423098845 2.5386650247024187
5623.413251903491 2.5091336823526573
5956.62143529011 2.479602340002896
6309.573444801937 2.4500709976531345
6683.439175686149 2.4205295567305196
7079.457843841381 2.390981078373919
7498.942093324558 2.3614321424391935
7943.282347242822 2.3318832065044677
8413.951416451957 2.3023342705697423
8912.509381337459 2.2727236676862645
9440.608762859236 2.2430383388769837
10000. 2.2133105447805264
10592.537251772897 2.1835522809775414
11220.18454301963 2.1536896933170446
11885.022274370189 2.123827105656547
12589.254117941688 2.0939645179960493
13335.21432163324 2.0641019303355526
14125.375446227554 2.034239342675055
14962.356560944329 2.004315844481958
15848.93192461114 1.97414870415846
16788.040181225624 1.9438859168839238
17782.794100389227 1.9136231296093884
18836.49089489802 1.883360342334852
19952.62314968879 1.8530975550603166
21134.890398366475 1.8228347677857806
22387.211385683422 1.792571980511244
23713.737056616552 1.7623091932367085
25118.864315095823 1.732046405962172
26607.250597988084 1.701783618687637
28183.82931264455 1.6715208314131005
29853.826189179632 1.6412580441385642
31622.776601683792 1.6109952568640291
33496.54391578279 1.5807079382035738
35481.33892335753 1.5504023605321204
37583.74042884443 1.5200922109183623
39810.71705534977 1.4897820565115683
42169.65034285822 1.4594719021047755
44668.359215096345 1.4291617476979817
47315.12589614803 1.3988515932911887
50118.72336272725 1.3685414388843946
53088.4444230989 1.3382312844776005
56234.13251903491 1.3079211300708078
59566.214352901094 1.2776109756640137
63095.7344480193 1.247300821257221
66834.39175686149 1.216990666850427
70794.57843841388 1.1866805124436328
74989.42093324558 1.15637035803684
79432.82347242821 1.1276063314705531
84139.51416451948 1.1013728455975969
89125.0938133746 1.0759847554549173
94406.08762859246 1.050596665312238
100000. 1.0252085751695592
105925.37251772897 0.9999290292286077
112201.84543019629 0.9752004716307634
118850.22274370189 0.95118985234585
125892.54117941688 0.9271792330609365
133352.1432163324 0.903168613776024
141253.75446227554 0.8791117185205596
149623.5656094433 0.8549476641819951
158489.3192461114 0.830470563756549
167880.40181225623 0.8056602080420098
177827.94100389228 0.7810127473305293
188364.9089489802 0.756365286619048
199526.2314968879 0.7317178259075674
211348.90398366476 0.707052688392839
223872.11385683424 0.6789283110365494
237137.37056616554 0.6470780954967024
251188.6431509582 0.6210092590589891
266072.50597988087 0.6027765751774137
281838.2931264455 0.5845438912958376
298538.2618917963 0.566890575525363
316227.7660168379 0.5512286138258085
334965.43915782793 0.5378745781657328
354813.3892335753 0.5241215946824677
375837.4042884443 0.5103686111992021
398107.17055349774 0.49661562771593637
421696.5034285823 0.48288337193359776
446683.5921509635 0.4692232971235826
473151.2589614803 0.4556529741274288
501187.2336272725 0.44209148335648
530884.444230989 0.4285490830761849
562341.3251903491 0.4150711791116879
595662.1435290109 0.40191081038785925
630957.3444801943 0.3916435220667457
668343.9175686149 0.3854437992879989
707945.7843841388 0.3793615009093084
749894.2093324559 0.3732792025306182
794328.2347242822 0.36719690415192774
841395.1416451965 0.3611146057732374
891250.9381337459 0.35503230739454716
944060.8762859246 0.34900823994080576
1.e6 0.3432170961868607
1.0592537251772897e6 0.339035319873118
1.1220184543019652e6 0.33485354355937536
1.1885022274370189e6 0.3306717672456328
1.2589254117941686e6 0.32659338744540156
1.333521432163324e6 0.32270612510091223
1.4125375446227554e6 0.31896295349832127
1.4962356560944358e6 0.31521978189573047
1.5848931924611141e6 0.3114766102931397
1.6788040181225624e6 0.3077334386905489
1.778279410038923e6 0.3039902670879582
1.883649089489802e6 0.3002470954853673
1.9952623149688828e6 0.29650392388277635
2.1134890398366475e6 0.2927607522801857
2.238721138568342e6 0.28949045180053956
2.3713737056616554e6 0.28765165358164624
2.5118864315095823e6 0.2866737596599162
2.660725059798814e6 0.285663893080804
2.818382931264455e6 0.28461384800924794
2.9853826189179635e6 0.2835638029376918
3.1622776601683795e6 0.2825138606176223
3.3496543915782794e6 0.28146557288223417
3.5481338923357604e6 0.2804215163488323
3.7583740428844434e6 0.2793825662204499
3.9810717055349774e6 0.27834517008746784
4.216965034285823e6 0.2773077739544858
4.466835921509635e6 0.27627037782150377
4.731512589614812e6 0.2752329816885217
5.011872336272725e6 0.2741955855555397
5.30884444230989e6 0.27315818942255765
5.623413251903491e6 0.2721207932895756
5.956621435290109e6 0.2710833971565935
6.309573444801942e6 0.27004600102361154
6.683439175686149e6 0.26926094880601703
7.079457843841388e6 0.26867433226323256
7.498942093324558e6 0.26813302531727523
7.943282347242822e6 0.2675917183713179
8.413951416451965e6 0.26705041142536057
8.912509381337458e6 0.26650910447940335
9.440608762859246e6 0.265967797533446
1.e7 0.2654276535500856
1.0592537251772897e7 0.2648907296399687
1.1220184543019652e7 0.2643597082472452
1.188502227437019e7 0.2638286868545216
1.2589254117941687e7 0.2632976654617981
1.333521432163324e7 0.2627666440690746
1.4125375446227554e7 0.26223562267635103
1.4962356560944358e7 0.26175252831564544
1.5848931924611142e7 0.26146114208301163
1.6788040181225624e7 0.2613426768311476
1.7782794100389227e7 0.26122421157928355
1.883649089489802e7 0.26110574632741945
1.995262314968883e7 0.26098728107555536
2.1134890398366477e7 0.26087342515825584
2.2387211385683425e7 0.2607780065792141
2.3713737056616552e7 0.26068395665566113
2.5118864315095823e7 0.26058990673210813
2.660725059798814e7 0.26049585680855514
2.818382931264455e7 0.26040322838604923
2.9853826189179633e7 0.260314611849322
3.162277660168379e7 0.2602335138494271
3.3496543915782794e7 0.2601524158495323
3.5481338923357606e7 0.26007131784963744
3.758374042884443e7 0.2599902198497426
3.9810717055349775e7 0.2599091218498477
4.2169650342858225e7 0.2598280238499528
4.466835921509635e7 0.259746925850058
4.731512589614812e7 0.25966582785016307
5.011872336272725e7 0.25958472985026826
5.30884444230989e7 0.25950363185037334
5.623413251903491e7 0.2594225338504785
5.956621435290109e7 0.25934143585058367
6.309573444801943e7 0.2592603378506888
6.6834391756861486e7 0.25917923985079394
7.079457843841387e7 0.2590981418508991
7.498942093324558e7 0.25901704385100416
7.943282347242822e7 0.25893594585110935
8.413951416451965e7 0.2588548478512145
8.91250938133746e7 0.2587737498513196
9.440608762859245e7 0.2586926518514247
1.e8 0.2586115538515299