#Columns: M_EDO [M_sun], f_EDO
10. 4.807404993949225
10.592537251772887 4.770539907901105
11.220184543019636 4.733674821852984
11.885022274370183 4.696809735804861
12.589254117941675 4.65994464975674
13.33521432163324 4.623079563708621
14.12537544622754 4.5862144776605
14.962356560944336 4.549349391612376
15.848931924611133 4.512484305564254
16.788040181225607 4.475619219516136
17.78279410038923 4.4387541334680165
18.836490894898002 4.401889047419895
19.952623149688797 4.365023961371774
21.134890398366466 4.328158875323654
22.3872113856834 4.2912937892755325
23.71373705661655 4.254428703227411
25.118864315095795 4.217563617179291
26.6072505979881 4.18069853113117
28.183829312644534 4.1438334450830485
29.853826189179603 4.106968359034928
31.622776601683793 4.070103272986807
33.49654391578277 4.033238186938686
35.48133892335755 3.9963731008905654
37.583740428844415 3.959508014842444
39.810717055349734 3.922642928794323
42.169650342858226 3.8857778427462026
44.668359215096324 3.8489127566980814
47.315125896148054 3.81204767064996
50.11872336272722 3.77518258460184
53.08844442309885 3.7383174985537186
56.23413251903491 3.701452412505598
59.56621435290106 3.6645873264574766
63.09573444801933 3.627722240409356
66.83439175686145 3.5908571543612346
70.79457843841381 3.5539920683131134
74.98942093324558 3.517126982264993
79.43282347242817 3.480261896216872
84.13951416451951 3.4433968101687515
89.12509381337455 3.4065317241206303
94.40608762859236 3.369666638072509
100. 3.3328015520243883
105.92537251772886 3.2959364659762675
112.20184543019641 3.2590713799281463
118.85022274370189 3.2222062938800256
125.89254117941675 3.1853412078319048
133.3521432163324 3.1484761217837836
141.2537544622754 3.1116110357356632
149.62356560944343 3.074745949687542
158.48931924611142 3.037880863639421
167.88040181225605 3.0010157775913
177.82794100389228 2.9641506915431792
188.36490894898 2.9272856054950585
199.52623149688807 2.890420519446937
211.34890398366477 2.8535554333988165
223.872113856834 2.8166903473506952
237.13737056616552 2.779825261302575
251.18864315095797 2.7429601752544537
266.0725059798811 2.7060950892063325
281.8382931264455 2.6692300031582112
298.538261891796 2.632364917110091
316.22776601683796 2.59549983106197
334.9654391578276 2.5586347450138494
354.81338923357566 2.521769658965728
375.8374042884443 2.484904572917607
398.1071705534973 2.448039486869486
421.6965034285823 2.4111744008213654
446.683592150963 2.374309314773245
473.1512589614808 2.337444228725123
501.18723362727246 2.300579142677002
530.8844442309885 2.263714056628882
562.341325190349 2.2268489705807606
595.6621435290103 2.18998388453264
630.9573444801937 2.1531187984845186
668.3439175686149 2.116253712436398
707.945784384138 2.079388626388277
749.8942093324558 2.042523540340156
794.3282347242813 2.0056584542920355
841.3951416451956 1.9687933682439138
891.2509381337459 1.931928282195793
944.0608762859235 1.895002517872236
1000. 1.8578340404469327
1059.2537251772887 1.819854490060276
1122.018454301964 1.7831225739520122
1188.502227437019 1.74986796693823
1258.9254117941675 1.7187236269410355
1333.521432163324 1.687579286943841
1412.537544622754 1.6564349469466464
1496.2356560944343 1.625313394946689
1584.893192461114 1.59426690603425
1678.8040181225606 1.564106033005328
1778.2794100389228 1.5355626601158432
1883.6490894898002 1.5085969086465425
1995.262314968881 1.4817040424679049
2113.489039836648 1.4541346711743366
2238.72113856834 1.4255262240381619
2371.373705661655 1.3974264058162227
2511.886431509582 1.3724296310804367
2660.7250597988113 1.3514845761070702
2818.382931264455 1.3312017307660087
2985.3826189179604 1.3109188854249476
3162.2776601683795 1.2900469843788942
3349.6543915782795 1.2683661107032114
3548.1338923357566 1.2462440978919416
3758.374042884443 1.2246359654292438
3981.0717055349733 1.2050833543608341
4216.965034285822 1.190342917799171
4466.835921509635 1.1756024812375072
4731.512589614807 1.1608620446758442
5011.872336272725 1.1461216081141807
5308.8444423098845 1.1313811715525175
5623.413251903491 1.116640734990854
5956.62143529011 1.1019002984291906
6309.573444801937 1.0871598618675273
6683.439175686149 1.0724694443847884
7079.457843841381 1.0578138839032372
7498.942093324558 1.0431605898445429
7943.282347242822 1.0285072957858479
8413.951416451957 1.0138540017271533
8912.509381337459 0.9994497286837157
9440.608762859236 0.985347210896313
10000. 0.9714188516492002
10592.537251772897 0.9576414114158595
11220.18454301963 0.9443806960047512
11885.022274370189 0.9311199805936423
12589.254117941688 0.9178592651825334
13335.21432163324 0.9045985497714251
14125.375446227554 0.8913378343603162
14962.356560944329 0.8783788139294384
15848.93192461114 0.8666265734194822
16788.040181225624 0.8553480802857322
17782.794100389227 0.8440695871519825
18836.49089489802 0.8327910940182325
19952.62314968879 0.8215126008844829
21134.890398366475 0.8102341077507328
22387.211385683422 0.7989556146169827
23713.737056616552 0.787677121483233
25118.864315095823 0.776398628349483
26607.250597988084 0.7651201352157334
28183.82931264455 0.7538416420819833
29853.826189179632 0.7425631489482333
31622.776601683792 0.7312846558144837
33496.54391578279 0.7201276686941254
35481.33892335753 0.7090473499661158
37583.74042884443 0.6979862273687633
39810.71705534977 0.6869251241264573
42169.65034285822 0.6758640208841515
44668.359215096345 0.6648029176418457
47315.12589614803 0.65374181439954
50118.72336272725 0.6426807111572341
53088.4444230989 0.6316196079149281
56234.13251903491 0.6205585046726225
59566.214352901094 0.6094974014303165
63095.7344480193 0.5984362981880109
66834.39175686149 0.587375194945705
70794.57843841388 0.5763140917033989
74989.42093324558 0.5652529884610933
79432.82347242821 0.5547286716444398
84139.51416451948 0.5450829108295305
89125.0938133746 0.5357306554676816
94406.08762859246 0.5263784001058326
100000. 0.5170261447439839
105925.37251772897 0.5078960647750049
112201.84543019629 0.4991933699760971
118850.22274370189 0.49090957753942555
125892.54117941688 0.4826257851027539
133352.1432163324 0.4743419926660827
141253.75446227554 0.4662874089955231
149623.5656094433 0.4583267040059515
158489.3192461114 0.4503028838148958
167880.40181225623 0.4421614126684702
177827.94100389228 0.43407433486730757
188364.9089489802 0.4259872570661447
199526.2314968879 0.41790017926498213
211348.90398366476 0.4098261439823812
223872.11385683424 0.4006214354841302
237137.37056616554 0.3901902992543186
251188.6431509582 0.3816896614664098
266072.50597988087 0.37580564508195713
281838.2931264455 0.3699216286975042
298538.2618917963 0.3642387579941181
316227.7660168379 0.35924738391360833
334965.43915782793 0.35505880526136435
354813.3892335753 0.35073701130919593
375837.4042884443 0.3464152173570274
398107.17055349774 0.3420934234048588
421696.5034285823 0.3377785507760694
446683.5921509635 0.33348778057200323
473151.2589614803 0.3292173261966696
501187.2336272725 0.3249112058814414
530884.444230989 0.32052658793988104
562341.3251903491 0.3161213893869528
595662.1435290109 0.31181568995179976
630957.3444801943 0.3084787034698987
668343.9175686149 0.306499944636307
707945.7843841388 0.3045603957589118
749894.2093324559 0.3026208468815168
794328.2347242822 0.3006812980041217
841395.1416451965 0.2987417491267266
891250.9381337459 0.29680220024933146
944060.8762859246 0.29488286805082076
1.e6 0.293044402567848
1.0592537251772897e6 0.29176467910681847
1.1220184543019652e6 0.29048495564578897
1.1885022274370189e6 0.28920523218475946
1.2589254117941686e6 0.2879600345357734
1.333521432163324e6 0.2867786541774393
1.4125375446227554e6 0.28564538810945245
1.4962356560944358e6 0.2845121220414656
1.5848931924611141e6 0.2833788559734788
1.6788040181225624e6 0.282245589905492
1.778279410038923e6 0.2811123238375052
1.883649089489802e6 0.2799790577695183
1.9952623149688828e6 0.27884579170153145
2.1134890398366475e6 0.27771252563354465
2.238721138568342e6 0.2767371590822542
2.3713737056616554e6 0.27623979489599526
2.5118864315095823e6 0.27602970703368934
2.660725059798814e6 0.27580851886775704
2.818382931264455e6 0.2755733814870302
2.9853826189179635e6 0.27533824410630336
3.1622776601683795e6 0.2751025977888397
3.3496543915782794e6 0.27485875617457856
3.5481338923357604e6 0.27459683474477337
3.7583740428844434e6 0.27431429283368913
3.9810717055349774e6 0.2740254756403
4.216965034285823e6 0.27373665844691086
4.466835921509635e6 0.27344784125352173
4.731512589614812e6 0.27315902406013265
5.011872336272725e6 0.27287020686674357
5.30884444230989e6 0.27258138967335444
5.623413251903491e6 0.2722925724799653
5.956621435290109e6 0.27200375528657617
6.309573444801942e6 0.2717149380931871
6.683439175686149e6 0.27151372994791634
7.079457843841388e6 0.27138141492636564
7.498942093324558e6 0.2712648305422768
7.943282347242822e6 0.2711482461581879
8.413951416451965e6 0.2710316617740991
8.912509381337458e6 0.2709150773900102
9.440608762859246e6 0.2707984930059214
1.e7 0.27067614837048215
1.0592537251772897e7 0.2705378544420045
1.1220184543019652e7 0.27037032484947526
1.188502227437019e7 0.270202795256946
1.2589254117941687e7 0.2700352656644168
1.333521432163324e7 0.26986773607188763
1.4125375446227554e7 0.2697002064793584
1.4962356560944358e7 0.2695493162484234
1.5848931924611142e7 0.2694649834638651
1.6788040181225624e7 0.26944068558247325
1.7782794100389227e7 0.26941638770108145
1.883649089489802e7 0.2693920898196896
1.995262314968883e7 0.26936779193829774
2.1134890398366477e7 0.26932488082573214
2.2387211385683425e7 0.26920751678847166
2.3713737056616552e7 0.2690846259011523
2.5118864315095823e7 0.26896173501383297
2.660725059798814e7 0.2688388441265136
2.818382931264455e7 0.26870891242520056
2.9853826189179633e7 0.2685591095169054
3.162277660168379e7 0.26837206666464364
3.3496543915782794e7 0.26818502381238196
3.5481338923357606e7 0.2679979809601202
3.758374042884443e7 0.26781093810785833
3.9810717055349775e7 0.2676238952555966
4.2169650342858225e7 0.2674368524033348
4.466835921509635e7 0.267249809551073
4.731512589614812e7 0.26706276669881124
5.011872336272725e7 0.26687572384654945
5.30884444230989e7 0.26668868099428766
5.623413251903491e7 0.26650163814202593
5.956621435290109e7 0.26631459528976414
6.309573444801943e7 0.2661275524375024
6.6834391756861486e7 0.2659405095852406
7.079457843841387e7 0.26575346673297884
7.498942093324558e7 0.26556642388071705
7.943282347242822e7 0.26537938102845526
8.413951416451965e7 0.2651923381761935
8.91250938133746e7 0.26500529532393174
9.440608762859245e7 0.26481825247167
1.e8 0.2646312096194082