#Columns: M_EDO [M_sun], f_EDO
10. 5.624552327565489
10.592537251772887 5.608124583313375
11.220184543019636 5.591696839061264
11.885022274370183 5.575269094809145
12.589254117941675 5.558841350557037
13.33521432163324 5.542413606304928
14.12537544622754 5.525985862052813
14.962356560944336 5.509558117800697
15.848931924611133 5.493130373548599
16.788040181225607 5.476702629296483
17.78279410038923 5.4602748850443685
18.836490894898002 5.443847140792258
19.952623149688797 5.427419396540145
21.134890398366466 5.410991652288034
22.3872113856834 5.394563908035922
23.71373705661655 5.37813616378381
25.118864315095795 5.361708419531698
26.6072505979881 5.345280675279587
28.183829312644534 5.328852931027475
29.853826189179603 5.3124251867753625
31.622776601683793 5.295997442523251
33.49654391578277 5.27956969827114
35.48133892335755 5.263141954019028
37.583740428844415 5.246714209766916
39.810717055349734 5.230286465514803
42.169650342858226 5.213858721262692
44.668359215096324 5.197430977010581
47.315125896148054 5.181003232758468
50.11872336272722 5.164575488506356
53.08844442309885 5.148147744254244
56.23413251903491 5.131720000002133
59.56621435290106 5.1152922557500204
63.09573444801933 5.098864511497909
66.83439175686145 5.082436767245798
70.79457843841381 5.066009022993685
74.98942093324558 5.049581278741574
79.43282347242817 5.033153534489462
84.13951416451951 5.016725790237349
89.12509381337455 5.000298045985239
94.40608762859236 4.983870301733126
100. 4.967442557481014
105.92537251772886 4.951014813228903
112.20184543019641 4.934587068976791
118.85022274370189 4.918159324724679
125.89254117941675 4.901731580472567
133.3521432163324 4.885303836220455
141.2537544622754 4.868876091968344
149.62356560944343 4.852448347716232
158.48931924611142 4.83602060346412
167.88040181225605 4.819592859212008
177.82794100389228 4.803165114959896
188.36490894898 4.786737370707785
199.52623149688807 4.770309626455672
211.34890398366477 4.753881882203561
223.872113856834 4.737454137951449
237.13737056616552 4.721026393699337
251.18864315095797 4.704598649447226
266.0725059798811 4.688170905195114
281.8382931264455 4.6717431609430005
298.538261891796 4.65531541669089
316.22776601683796 4.638887672438779
334.9654391578276 4.622459928186666
354.81338923357566 4.606032183934554
375.8374042884443 4.589604439682443
398.1071705534973 4.57317669543033
421.6965034285823 4.5567489511782195
446.683592150963 4.540321206926107
473.1512589614808 4.523893462673995
501.18723362727246 4.507465718421884
530.8844442309885 4.491037974169772
562.341325190349 4.47461022991766
595.6621435290103 4.4581824856655485
630.9573444801937 4.441754741413437
668.3439175686149 4.425326997161324
707.945784384138 4.408899252909213
749.8942093324558 4.392471508657102
794.3282347242813 4.376043764404989
841.3951416451956 4.359616020152877
891.2509381337459 4.343188275900766
944.0608762859235 4.326826027529211
1000. 4.310725762679889
1059.2537251772887 4.29550096664405
1122.018454301964 4.278929479307414
1188.502227437019 4.258604598858058
1258.9254117941675 4.236001904883689
1333.521432163324 4.213399210909319
1412.537544622754 4.190796516934949
1496.2356560944343 4.16816922569023
1584.893192461114 4.145460911658048
1678.8040181225606 4.121862754855871
1778.2794100389228 4.096641990877259
1883.6490894898002 4.069838624353104
1995.262314968881 4.042962142412879
2113.489039836648 4.016907518891847
2238.72113856834 3.9919744695551227
2371.373705661655 3.966550989777665
2511.886431509582 3.937889446215216
2660.7250597988113 3.904962934374768
2818.382931264455 3.8713216361850087
2985.3826189179604 3.8376803379952498
3162.2776601683795 3.8046299553738643
3349.6543915782795 3.7723910996033094
3548.1338923357566 3.7405947758052465
3758.374042884443 3.7082670958353563
3981.0717055349733 3.6738139911781538
4216.965034285822 3.6344220449696603
4466.835921509635 3.5950300987611663
4731.512589614807 3.555638152552673
5011.872336272725 3.5162462063441797
5308.8444423098845 3.4768542601356867
5623.413251903491 3.4374623139271936
5956.62143529011 3.3980703677186996
6309.573444801937 3.3586784215102057
6683.439175686149 3.3192362982943404
7079.457843841381 3.2797592080210407
7498.942093324558 3.2402798441689615
7943.282347242822 3.2008004803168806
8413.951416451957 3.1613211164648014
8912.509381337459 3.121572960354631
9440.608762859236 3.0814990908640976
10000. 3.04123834020141
10592.537251772897 3.0008261940186625
11220.18454301963 2.95989569152524
11885.022274370189 2.9189651890318165
12589.254117941688 2.878034686538393
13335.21432163324 2.8371041840449704
14125.375446227554 2.796173681551547
14962.356560944329 2.7549405315169713
15848.93192461114 2.7124967913177787
16788.040181225624 2.6695778079493846
17782.794100389227 2.6266588245809923
18836.49089489802 2.5837398412125983
19952.62314968879 2.5408208578442055
21134.890398366475 2.4979018744758124
22387.211385683422 2.4549828911074183
23713.737056616552 2.412063907739026
25118.864315095823 2.3691449243706315
26607.250597988084 2.3262259410022392
28183.82931264455 2.283306957633845
29853.826189179632 2.2403879742654516
31622.776601683792 2.1974689908970593
33496.54391578279 2.15442811787654
35481.33892335753 2.111305700909457
37583.74042884443 2.068162866618095
39810.71705534977 2.025020011434976
42169.65034285822 1.981877156251858
44668.359215096345 1.9387343010687388
47315.12589614803 1.8955914458856213
50118.72336272725 1.852448590702502
53088.4444230989 1.8093057355193825
56234.13251903491 1.7661628803362648
59566.214352901094 1.7230200251531453
63095.7344480193 1.6798771699700277
66834.39175686149 1.6367343147869082
70794.57843841388 1.593591459603789
74989.42093324558 1.5504486044206711
79432.82347242821 1.5095247713546285
84139.51416451948 1.472232802109641
89125.0938133746 1.436154155446408
94406.08762859246 1.4000755087831749
100000. 1.363996862119943
105925.37251772897 1.3279510055310095
112201.84543019629 1.292538539400541
118850.22274370189 1.2580433688834662
125892.54117941688 1.2235481983663916
133352.1432163324 1.189053027849318
141253.75446227554 1.154327924870584
149623.5656094433 1.1193616376326907
158489.3192461114 1.0839156837176511
167880.40181225623 1.0479927382910361
177827.94100389228 1.0123050223060104
188364.9089489802 0.9766173063209834
199526.2314968879 0.9409295903359578
211348.90398366476 0.9052037179998108
223872.11385683424 0.8644662280714956
237137.37056616554 0.8183366263249581
251188.6431509582 0.7805556574540419
266072.50597988087 0.7540905285743846
281838.2931264455 0.7276253996947266
298538.2618917963 0.7019917872128598
316227.7660168379 0.6792161004339419
334965.43915782793 0.6597517601019784
354813.3892335753 0.6397113169313156
375837.4042884443 0.6196708737606518
398107.17055349774 0.5996304305899881
421696.5034285823 0.5796199193719499
446683.5921509635 0.5597136414913021
473151.2589614803 0.5399434060812682
501187.2336272725 0.5202116683398391
530884.444230989 0.5005640798337209
562341.3251903491 0.4810377055948447
595662.1435290109 0.4619742240118989
630957.3444801943 0.44708673446464375
668343.9175686149 0.43807303572246015
707945.7843841388 0.4292289043429061
749894.2093324559 0.4203847729633524
794328.2347242822 0.41154064158379855
841395.1416451965 0.4026965102042446
891250.9381337459 0.3938523788246909
944060.8762859246 0.3850918212007957
1.e6 0.3766655585995359
1.0592537251772897e6 0.3705490803839844
1.1220184543019652e6 0.36443260216843293
1.1885022274370189e6 0.35831612395288165
1.2589254117941686e6 0.35234895605182026
1.333521432163324e6 0.3466577723832275
1.4125375446227554e6 0.3411746637575672
1.4962356560944358e6 0.335691555131907
1.5848931924611141e6 0.33020844650624703
1.6788040181225624e6 0.3247253378805868
1.778279410038923e6 0.3192422292549268
1.883649089489802e6 0.3137591206292667
1.9952623149688828e6 0.3082760120036063
2.1134890398366475e6 0.3027929033779464
2.238721138568342e6 0.29799264694606314
2.3713737056616554e6 0.29525955937208015
2.5118864315095823e6 0.2937697947440675
2.660725059798814e6 0.29223414255616853
2.818382931264455e6 0.2906408256907264
2.9853826189179635e6 0.28904750882528407
3.1622776601683795e6 0.2874547025034774
3.3496543915782794e6 0.2858701173540046
3.5481338923357604e6 0.28430463741820483
3.7583740428844434e6 0.2827614151449571
3.9810717055349774e6 0.2812249663855798
4.216965034285823e6 0.27968851762620245
4.466835921509635e6 0.2781520688668251
4.731512589614812e6 0.2766156201074477
5.011872336272725e6 0.2750791713480705
5.30884444230989e6 0.27354272258869305
5.623413251903491e6 0.27200627382931575
5.956621435290109e6 0.2704698250699384
6.309573444801942e6 0.26893337631056113
6.683439175686149e6 0.26775909471141757
7.079457843841388e6 0.26686961048781044
7.498942093324558e6 0.2660451551672742
7.943282347242822e6 0.2652206998467379
8.413951416451965e6 0.26439624452620164
8.912509381337458e6 0.26357178920566543
9.440608762859246e6 0.2627473338851291
1.e7 0.2619286570031545
1.0592537251772897e7 0.26112597977194485
1.1220184543019652e7 0.2603526305124251
1.188502227437019e7 0.2595792812529053
1.2589254117941687e7 0.25880593199338564
1.333521432163324e7 0.25803258273386587
1.4125375446227554e7 0.25725923347434615
1.4962356560944358e7 0.2565546696937935
1.5848931924611142e7 0.25612524782910934
1.6788040181225624e7 0.2559440043302638
1.7782794100389227e7 0.25576276083141825
1.883649089489802e7 0.2555815173325727
1.995262314968883e7 0.2554002738337272
2.1134890398366477e7 0.2552391213799382
2.2387211385683425e7 0.25515833310637576
2.3713737056616552e7 0.25508351049200034
2.5118864315095823e7 0.25500868787762493
2.660725059798814e7 0.25493386526324946
2.818382931264455e7 0.2548661056932816
2.9853826189179633e7 0.254818280070933
3.162277660168379e7 0.25480781197261604
3.3496543915782794e7 0.2547973438742992
3.5481338923357606e7 0.2547868757759823
3.758374042884443e7 0.2547764076776653
3.9810717055349775e7 0.2547659395793484
4.2169650342858225e7 0.2547554714810315
4.466835921509635e7 0.25474500338271455
4.731512589614812e7 0.2547345352843976
5.011872336272725e7 0.25472406718608076
5.30884444230989e7 0.2547135990877638
5.623413251903491e7 0.25470313098944686
5.956621435290109e7 0.25469266289113
6.309573444801943e7 0.25468219479281307
6.6834391756861486e7 0.2546717266944961
7.079457843841387e7 0.2546612585961793
7.498942093324558e7 0.25465079049786227
7.943282347242822e7 0.25464032239954537
8.413951416451965e7 0.2546298543012284
8.91250938133746e7 0.2546193862029115
9.440608762859245e7 0.2546089181045945
1.e8 0.2545984500062777