#Columns: M_EDO [M_sun], f_EDO
10. 5.787981794288742
10.592537251772887 5.775641518395829
11.220184543019636 5.763301242502919
11.885022274370183 5.750960966610002
12.589254117941675 5.738620690717097
13.33521432163324 5.726280414824188
14.12537544622754 5.713940138931275
14.962356560944336 5.701599863038362
15.848931924611133 5.689259587145468
16.788040181225607 5.676919311252552
17.78279410038923 5.6645790353596395
18.836490894898002 5.652238759466729
19.952623149688797 5.63989848357382
21.134890398366466 5.627558207680909
22.3872113856834 5.615217931787999
23.71373705661655 5.602877655895089
25.118864315095795 5.590537380002179
26.6072505979881 5.57819710410927
28.183829312644534 5.56585682821636
29.853826189179603 5.553516552323449
31.622776601683793 5.54117627643054
33.49654391578277 5.5288360005376305
35.48133892335755 5.51649572464472
37.583740428844415 5.50415544875181
39.810717055349734 5.4918151728588995
42.169650342858226 5.479474896965991
44.668359215096324 5.46713462107308
47.315125896148054 5.4547943451801695
50.11872336272722 5.44245406928726
53.08844442309885 5.43011379339435
56.23413251903491 5.41777351750144
59.56621435290106 5.40543324160853
63.09573444801933 5.39309296571562
66.83439175686145 5.38075268982271
70.79457843841381 5.3684124139298
74.98942093324558 5.35607213803689
79.43282347242817 5.343731862143979
84.13951416451951 5.331391586251069
89.12509381337455 5.3190513103581605
94.40608762859236 5.30671103446525
100. 5.29437075857234
105.92537251772886 5.2820304826794295
112.20184543019641 5.26969020678652
118.85022274370189 5.25734993089361
125.89254117941675 5.2450096550006995
133.3521432163324 5.23266937910779
141.2537544622754 5.22032910321488
149.62356560944343 5.207988827321969
158.48931924611142 5.19564855142906
167.88040181225605 5.18330827553615
177.82794100389228 5.1709679996432385
188.36490894898 5.15862772375033
199.52623149688807 5.14628744785742
211.34890398366477 5.133947171964509
223.872113856834 5.1216068960716
237.13737056616552 5.10926662017869
251.18864315095797 5.09692634428578
266.0725059798811 5.08458606839287
281.8382931264455 5.072245792499959
298.538261891796 5.059905516607049
316.22776601683796 5.047565240714141
334.9654391578276 5.03522496482123
354.81338923357566 5.022884688928319
375.8374042884443 5.01054441303541
398.1071705534973 4.9982041371425
421.6965034285823 4.98586386124959
446.683592150963 4.97352358535668
473.1512589614808 4.96118330946377
501.18723362727246 4.94884303357086
530.8844442309885 4.9365027576779505
562.341325190349 4.92416248178504
595.6621435290103 4.91182220589213
630.9573444801937 4.8994819299992205
668.3439175686149 4.88714165410631
707.945784384138 4.8748013782134
749.8942093324558 4.8624611023204904
794.3282347242813 4.85012082642758
841.3951416451956 4.837780550534669
891.2509381337459 4.82544027464176
944.0608762859235 4.813190729460606
1000. 4.80130410712648
1059.2537251772887 4.790630261960805
1122.018454301964 4.778090860378494
1188.502227437019 4.760351925242023
1258.9254117941675 4.7394575604722196
1333.521432163324 4.718563195702414
1412.537544622754 4.69766883093261
1496.2356560944343 4.676740391838939
1584.893192461114 4.655699712782807
1678.8040181225606 4.63341409922598
1778.2794100389228 4.608857857029542
1883.6490894898002 4.5820869674944165
1995.262314968881 4.555213762401873
2113.489039836648 4.5294620884353485
2238.72113856834 4.505264118658515
2371.373705661655 4.480375906569953
2511.886431509582 4.450981409242171
2660.7250597988113 4.415658606028307
2818.382931264455 4.379345617268809
2985.3826189179604 4.34303262850931
3162.2776601683795 4.307546549572859
3349.6543915782795 4.2731960973833285
3548.1338923357566 4.239464911387908
3758.374042884443 4.204993321916579
3981.0717055349733 4.167560118541617
4216.965034285822 4.1232378704037576
4466.835921509635 4.078915622265898
4731.512589614807 4.034593374128039
5011.872336272725 3.99027112599018
5308.8444423098845 3.94594887785232
5623.413251903491 3.9016266297144613
5956.62143529011 3.857304381576601
6309.573444801937 3.8129821334387417
6683.439175686149 3.768589669076251
7079.457843841381 3.724148272844601
7498.942093324558 3.6797036950338446
7943.282347242822 3.6352591172230877
8413.951416451957 3.590814539412331
8912.509381337459 3.5459976066888137
9440.608762859236 3.5007294668576545
10000. 3.4552022379118523
10592.537251772897 3.409463150539223
11220.18454301963 3.362998690629338
11885.022274370189 3.3165342307194514
12589.254117941688 3.270069770809565
13335.21432163324 3.2236053108996794
14125.375446227554 3.1771408509897934
14962.356560944329 3.1302528750344774
15848.93192461114 3.081670834897438
16788.040181225624 3.0324237534821155
17782.794100389227 2.9831766720667945
18836.49089489802 2.9339295906514713
19952.62314968879 2.8846825092361503
21134.890398366475 2.835435427820828
22387.211385683422 2.7861883464055053
23713.737056616552 2.7369412649901843
25118.864315095823 2.687694183574861
26607.250597988084 2.6384471021595406
28183.82931264455 2.589200020744218
29853.826189179632 2.539952939328895
31622.776601683792 2.490705857913574
33496.54391578279 2.4412882077130225
35481.33892335753 2.3917573710981253
37583.74042884443 2.3421981944679615
39810.71705534977 2.2926389888966794
42169.65034285822 2.2430797833253995
44668.359215096345 2.193520577754118
47315.12589614803 2.1439613721828374
50118.72336272725 2.0944021666115553
53088.4444230989 2.044842961040273
56234.13251903491 1.9952837554689928
59566.214352901094 1.9457245498977112
63095.7344480193 1.8961653443264312
66834.39175686149 1.846606138755149
70794.57843841388 1.797046933183867
74989.42093324558 1.7474877276125866
79432.82347242821 1.7004839912966663
84139.51416451948 1.657662780365663
89125.0938133746 1.6162388554421532
94406.08762859246 1.5748149305186434
100000. 1.5333910055951347
105925.37251772897 1.4919619936822106
112201.84543019629 1.4512075732854297
118850.22274370189 1.4114701271522745
125892.54117941688 1.371732681019119
133352.1432163324 1.3319952348859652
141253.75446227554 1.291936028045596
149623.5656094433 1.2515686243580386
158489.3192461114 1.2106382436982022
167880.40181225623 1.1691590034155492
177827.94100389228 1.1279511597937508
188364.9089489802 1.086743316171951
199526.2314968879 1.0455354725501529
211348.90398366476 1.0042792328032966
223872.11385683424 0.9572351865889688
237137.37056616554 0.903965891739086
251188.6431509582 0.8603288566515683
266072.50597988087 0.8297475052728702
281838.2931264455 0.7991661538941711
298538.2618917963 0.7695423930566081
316227.7660168379 0.7432098437380086
334965.43915782793 0.7206903510701013
354813.3892335753 0.6975061780557394
375837.4042884443 0.6743220050413767
398107.17055349774 0.651137832027014
421696.5034285823 0.627988193091126
446683.5921509635 0.6049588136751618
473151.2589614803 0.5820886220581879
501187.2336272725 0.5592717608315186
530884.444230989 0.5365715782124888
562341.3251903491 0.514020968836423
595662.1435290109 0.49200593082391875
630957.3444801943 0.4748083406635928
668343.9175686149 0.4643876539396908
707945.7843841388 0.454162606059705
749894.2093324559 0.4439375581797196
794328.2347242822 0.4337125102997339
841395.1416451965 0.42348746241974816
891250.9381337459 0.41326241453976276
944060.8762859246 0.40313361183079066
1.e6 0.39338978980587347
1.0592537251772897e6 0.3863059606394176
1.1220184543019652e6 0.3792221314729617
1.1885022274370189e6 0.3721383023065061
1.2589254117941686e6 0.36522674035502967
1.333521432163324e6 0.35863359602438505
1.4125375446227554e6 0.35228051888719014
1.4962356560944358e6 0.34592744174999535
1.5848931924611141e6 0.33957436461280066
1.6788040181225624e6 0.33322128747560575
1.778279410038923e6 0.3268682103384111
1.883649089489802e6 0.3205151332012164
1.9952623149688828e6 0.3141620560640213
2.1134890398366475e6 0.30780897892682674
2.238721138568342e6 0.30224374451882496
2.3713737056616554e6 0.2990635122672971
2.5118864315095823e6 0.29731781228614307
2.660725059798814e6 0.29551926729385086
2.818382931264455e6 0.2936543145314656
2.9853826189179635e6 0.29178936176908027
3.1622776601683795e6 0.2899251234464049
3.3496543915782794e6 0.2880723895898898
3.5481338923357604e6 0.2862461979528911
3.7583740428844434e6 0.28445083960721074
3.9810717055349774e6 0.28266486453463574
4.216965034285823e6 0.28087888946206074
4.466835921509635e6 0.27909291438948575
4.731512589614812e6 0.27730693931691075
5.011872336272725e6 0.2755209642443358
5.30884444230989e6 0.2737349891717608
5.623413251903491e6 0.27194901409918587
5.956621435290109e6 0.2701630390266109
6.309573444801942e6 0.26837706395403593
6.683439175686149e6 0.26700816766411783
7.079457843841388e6 0.26596724960009943
7.498942093324558e6 0.26500122009227367
7.943282347242822e6 0.2640351905844479
8.413951416451965e6 0.26306916107662215
8.912509381337458e6 0.26210313156879644
9.440608762859246e6 0.2611371020609706
1.e7 0.260179158729689
1.0592537251772897e7 0.2592436048379329
1.1220184543019652e7 0.25834909164501507
1.188502227437019e7 0.2574545784520972
1.2589254117941687e7 0.2565600652591794
1.333521432163324e7 0.2556655520662615
1.4125375446227554e7 0.25477103887334374
1.4962356560944358e7 0.25395574038286756
1.5848931924611142e7 0.25345730070215816
1.6788040181225624e7 0.25324466807982193
1.7782794100389227e7 0.2530320354574856
1.883649089489802e7 0.2528194028351493
1.995262314968883e7 0.2526067702128131
2.1134890398366477e7 0.25242196949077944
2.2387211385683425e7 0.2523484963699566
2.3713737056616552e7 0.25228328741017
2.5118864315095823e7 0.2522180784503833
2.660725059798814e7 0.2521528694905966
2.818382931264455e7 0.2520975443468978
2.9853826189179633e7 0.2520701141817385
3.162277660168379e7 0.2520949610342106
3.3496543915782794e7 0.25211980788668265
3.5481338923357606e7 0.2521446547391547
3.758374042884443e7 0.2521695015916267
3.9810717055349775e7 0.25219434844409877
4.2169650342858225e7 0.25221919529657083
4.466835921509635e7 0.2522440421490429
4.731512589614812e7 0.2522688890015149
5.011872336272725e7 0.25229373585398696
5.30884444230989e7 0.252318582706459
5.623413251903491e7 0.252343429558931
5.956621435290109e7 0.25236827641140314
6.309573444801943e7 0.2523931232638752
6.6834391756861486e7 0.2524179701163472
7.079457843841387e7 0.2524428169688193
7.498942093324558e7 0.2524676638212913
7.943282347242822e7 0.2524925106737634
8.413951416451965e7 0.25251735752623544
8.91250938133746e7 0.25254220437870745
9.440608762859245e7 0.25256705123117945
1.e8 0.25259189808365157