#Columns: M_EDO [M_sun], f_EDO
10. 5.9514112610119945
10.592537251772887 5.943158453478283
11.220184543019636 5.934905645944575
11.885022274370183 5.926652838410858
12.589254117941675 5.918400030877156
13.33521432163324 5.910147223343451
14.12537544622754 5.901894415809738
14.962356560944336 5.893641608276027
15.848931924611133 5.885388800742337
16.788040181225607 5.87713599320862
17.78279410038923 5.86888318567491
18.836490894898002 5.860630378141202
19.952623149688797 5.852377570607494
21.134890398366466 5.844124763073785
22.3872113856834 5.835871955540077
23.71373705661655 5.827619148006368
25.118864315095795 5.819366340472661
26.6072505979881 5.811113532938953
28.183829312644534 5.802860725405245
29.853826189179603 5.794607917871536
31.622776601683793 5.786355110337828
33.49654391578277 5.778102302804122
35.48133892335755 5.769849495270413
37.583740428844415 5.761596687736704
39.810717055349734 5.753343880202996
42.169650342858226 5.745091072669288
44.668359215096324 5.73683826513558
47.315125896148054 5.728585457601871
50.11872336272722 5.720332650068164
53.08844442309885 5.712079842534455
56.23413251903491 5.703827035000748
59.56621435290106 5.695574227467039
63.09573444801933 5.68732141993333
66.83439175686145 5.6790686123996235
70.79457843841381 5.6708158048659145
74.98942093324558 5.662562997332206
79.43282347242817 5.6543101897984975
84.13951416451951 5.6460573822647895
89.12509381337455 5.637804574731081
94.40608762859236 5.629551767197373
100. 5.621298959663664
105.92537251772886 5.613046152129956
112.20184543019641 5.604793344596248
118.85022274370189 5.596540537062541
125.89254117941675 5.588287729528831
133.3521432163324 5.580034921995124
141.2537544622754 5.571782114461415
149.62356560944343 5.563529306927707
158.48931924611142 5.555276499393999
167.88040181225605 5.547023691860291
177.82794100389228 5.538770884326583
188.36490894898 5.530518076792875
199.52623149688807 5.522265269259167
211.34890398366477 5.514012461725459
223.872113856834 5.505759654191751
237.13737056616552 5.497506846658042
251.18864315095797 5.489254039124334
266.0725059798811 5.481001231590627
281.8382931264455 5.472748424056917
298.538261891796 5.464495616523209
316.22776601683796 5.4562428089895025
334.9654391578276 5.4479900014557945
354.81338923357566 5.439737193922085
375.8374042884443 5.4314843863883775
398.1071705534973 5.4232315788546686
421.6965034285823 5.4149787713209605
446.683592150963 5.4067259637872525
473.1512589614808 5.398473156253544
501.18723362727246 5.390220348719836
530.8844442309885 5.381967541186128
562.341325190349 5.37371473365242
595.6621435290103 5.365461926118711
630.9573444801937 5.357209118585004
668.3439175686149 5.348956311051296
707.945784384138 5.340703503517587
749.8942093324558 5.33245069598388
794.3282347242813 5.32419788845017
841.3951416451956 5.315945080916462
891.2509381337459 5.307692273382755
944.0608762859235 5.299555431392002
1000. 5.291882451573072
1059.2537251772887 5.28575955727756
1122.018454301964 5.277252241449576
1188.502227437019 5.26209925162599
1258.9254117941675 5.2429132160607494
1333.521432163324 5.22372718049551
1412.537544622754 5.20454114493027
1496.2356560944343 5.185311557987646
1584.893192461114 5.165938513907566
1678.8040181225606 5.144965443596089
1778.2794100389228 5.121073723181825
1883.6490894898002 5.094335310635729
1995.262314968881 5.067465382390868
2113.489039836648 5.04201665797885
2238.72113856834 5.018553767761908
2371.373705661655 4.994200823362242
2511.886431509582 4.9640733722691275
2660.7250597988113 4.926354277681847
2818.382931264455 4.887369598352609
2985.3826189179604 4.8483849190233705
3162.2776601683795 4.810463143771852
3349.6543915782795 4.7740010951633485
3548.1338923357566 4.738335046970569
3758.374042884443 4.701719547997801
3981.0717055349733 4.661306245905081
4216.965034285822 4.612053695837856
4466.835921509635 4.56280114577063
4731.512589614807 4.513548595703405
5011.872336272725 4.464296045636179
5308.8444423098845 4.415043495568954
5623.413251903491 4.365790945501729
5956.62143529011 4.3165383954345025
6309.573444801937 4.267285845367278
6683.439175686149 4.217943039858161
7079.457843841381 4.168537337668162
7498.942093324558 4.119127545898729
7943.282347242822 4.069717754129294
8413.951416451957 4.020307962359861
8912.509381337459 3.9704222530229965
9440.608762859236 3.919959842851211
10000. 3.8691661356222946
10592.537251772897 3.8181001070597835
11220.18454301963 3.7661016897334356
11885.022274370189 3.714103272407086
12589.254117941688 3.6621048550807362
13335.21432163324 3.6101064377543888
14125.375446227554 3.5581080204280395
14962.356560944329 3.5055652185519843
15848.93192461114 3.4508448784770973
16788.040181225624 3.395269699014846
17782.794100389227 3.339694519552596
18836.49089489802 3.284119340090345
19952.62314968879 3.228544160628095
21134.890398366475 3.1729689811658437
22387.211385683422 3.1173938017035923
23713.737056616552 3.0618186222413426
25118.864315095823 3.006243442779091
26607.250597988084 2.9506682633168415
28183.82931264455 2.89509308385459
29853.826189179632 2.8395179043923386
31622.776601683792 2.7839427249300894
33496.54391578279 2.7281482975495055
35481.33892335753 2.672209041286793
37583.74042884443 2.6162335223178275
39810.71705534977 2.5602579663583835
42169.65034285822 2.504282410398941
44668.359215096345 2.448306854439496
47315.12589614803 2.3923312984800535
50118.72336272725 2.3363557425206087
53088.4444230989 2.280380186561164
56234.13251903491 2.2244046306017218
59566.214352901094 2.168429074642277
63095.7344480193 2.1124535186828344
66834.39175686149 2.0564779627233896
70794.57843841388 2.0005024067639448
74989.42093324558 1.9445268508045022
79432.82347242821 1.8914432112387038
84139.51416451948 1.843092758621685
89125.0938133746 1.7963235554378985
94406.08762859246 1.749554352254112
100000. 1.7027851490703265
105925.37251772897 1.6559729818334117
112201.84543019629 1.6098766071703186
118850.22274370189 1.5648968854210827
125892.54117941688 1.5199171636718467
133352.1432163324 1.4749374419226124
141253.75446227554 1.4295441312206083
149623.5656094433 1.3837756110833865
158489.3192461114 1.3373608036787532
167880.40181225623 1.2903252685400624
177827.94100389228 1.2435972972814915
188364.9089489802 1.1968693260229188
199526.2314968879 1.150141354764348
211348.90398366476 1.1033547476067826
223872.11385683424 1.050004145106442
237137.37056616554 0.9895951571532138
251188.6431509582 0.9401020558490947
266072.50597988087 0.9054044819713558
281838.2931264455 0.8707069080936156
298538.2618917963 0.8370929989003564
316227.7660168379 0.8072035870420753
334965.43915782793 0.7816289420382241
354813.3892335753 0.7553010391801633
375837.4042884443 0.7289731363221016
398107.17055349774 0.7026452334640398
421696.5034285823 0.6763564668103021
446683.5921509635 0.6502039858590216
473151.2589614803 0.6242338380351076
501187.2336272725 0.5983318533231983
530884.444230989 0.5725790765912568
562341.3251903491 0.5470042320780014
595662.1435290109 0.5220376376359386
630957.3444801943 0.5025299468625418
668343.9175686149 0.49070227215692136
707945.7843841388 0.4790963077765038
749894.2093324559 0.46749034339608675
794328.2347242822 0.45588437901566925
841395.1416451965 0.44427841463525175
891250.9381337459 0.4326724502548347
944060.8762859246 0.42117540246078566
1.e6 0.41011402101221106
1.0592537251772897e6 0.4020628408948508
1.1220184543019652e6 0.3940116607774905
1.1885022274370189e6 0.3859604806601305
1.2589254117941686e6 0.378104524658239
1.333521432163324e6 0.3706094196655427
1.4125375446227554e6 0.3633863740168131
1.4962356560944358e6 0.3561633283680836
1.5848931924611141e6 0.3489402827193543
1.6788040181225624e6 0.34171723707062474
1.778279410038923e6 0.33449419142189546
1.883649089489802e6 0.3272711457731661
1.9952623149688828e6 0.3200481001244363
2.1134890398366475e6 0.3128250544757071
2.238721138568342e6 0.30649484209158673
2.3713737056616554e6 0.3028674651625141
2.5118864315095823e6 0.30086582982821874
2.660725059798814e6 0.2988043920315332
2.818382931264455e6 0.2966678033722049
2.9853826189179635e6 0.2945312147128764
3.1622776601683795e6 0.29239554438933246
3.3496543915782794e6 0.290274661825775
3.5481338923357604e6 0.2881877584875774
3.7583740428844434e6 0.2861402640694643
3.9810717055349774e6 0.28410476268369167
4.216965034285823e6 0.2820692612979191
4.466835921509635e6 0.2800337599121464
4.731512589614812e6 0.2779982585263738
5.011872336272725e6 0.27596275714060126
5.30884444230989e6 0.27392725575482857
5.623413251903491e6 0.271891754369056
5.956621435290109e6 0.2698562529832833
6.309573444801942e6 0.26782075159751073
6.683439175686149e6 0.2662572406168181
7.079457843841388e6 0.2650648887123884
7.498942093324558e6 0.2639572850172732
7.943282347242822e6 0.2628496813221579
8.413951416451965e6 0.26174207762704266
8.912509381337458e6 0.26063447393192746
9.440608762859246e6 0.2595268702368122
1.e7 0.25842966045622345
1.0592537251772897e7 0.25736122990392096
1.1220184543019652e7 0.25634555277760507
1.188502227437019e7 0.25532987565128906
1.2589254117941687e7 0.2543141985249732
1.333521432163324e7 0.25329852139865716
1.4125375446227554e7 0.25228284427234127
1.4962356560944358e7 0.2513568110719416
1.5848931924611142e7 0.250789353575207
1.6788040181225624e7 0.25054533182938
1.7782794100389227e7 0.250301310083553
1.883649089489802e7 0.250057288337726
1.995262314968883e7 0.24981326659189895
2.1134890398366477e7 0.24960481760162068
2.2387211385683425e7 0.2495386596335374
2.3713737056616552e7 0.24948306432833955
2.5118864315095823e7 0.24942746902314172
2.660725059798814e7 0.24937187371794378
2.818382931264455e7 0.24932898300051398
2.9853826189179633e7 0.249321948292544
3.162277660168379e7 0.24938211009580502
3.3496543915782794e7 0.2494422718990661
3.5481338923357606e7 0.24950243370232716
3.758374042884443e7 0.24956259550558813
3.9810717055349775e7 0.24962275730884914
4.2169650342858225e7 0.24968291911211016
4.466835921509635e7 0.2497430809153712
4.731512589614812e7 0.24980324271863213
5.011872336272725e7 0.24986340452189326
5.30884444230989e7 0.24992356632515422
5.623413251903491e7 0.2499837281284152
5.956621435290109e7 0.2500438899316763
6.309573444801943e7 0.2501040517349373
6.6834391756861486e7 0.2501642135381983
7.079457843841387e7 0.2502243753414594
7.498942093324558e7 0.2502845371447203
7.943282347242822e7 0.2503446989479814
8.413951416451965e7 0.2504048607512424
8.91250938133746e7 0.2504650225545034
9.440608762859245e7 0.2505251843577644
1.e8 0.25058534616102546