#Columns: M_EDO [M_sun], f_EDO
10. 5.461122860842236
10.592537251772887 5.440607648230921
11.220184543019636 5.420092435619607
11.885022274370183 5.399577223008288
12.589254117941675 5.379062010396979
13.33521432163324 5.3585467977856664
14.12537544622754 5.338031585174351
14.962356560944336 5.317516372563034
15.848931924611133 5.29700115995173
16.788040181225607 5.276485947340413
17.78279410038923 5.2559707347290985
18.836490894898002 5.2354555221177845
19.952623149688797 5.2149403095064715
21.134890398366466 5.1944250968951575
22.3872113856834 5.1739098842838445
23.71373705661655 5.15339467167253
25.118864315095795 5.132879459061217
26.6072505979881 5.1123642464499035
28.183829312644534 5.0918490338385896
29.853826189179603 5.071333821227276
31.622776601683793 5.0508186086159625
33.49654391578277 5.0303033960046495
35.48133892335755 5.0097881833933355
37.583740428844415 4.989272970782022
39.810717055349734 4.968757758170708
42.169650342858226 4.948242545559395
44.668359215096324 4.927727332948081
47.315125896148054 4.907212120336767
50.11872336272722 4.886696907725454
53.08844442309885 4.86618169511414
56.23413251903491 4.845666482502826
59.56621435290106 4.825151269891512
63.09573444801933 4.804636057280199
66.83439175686145 4.784120844668886
70.79457843841381 4.763605632057571
74.98942093324558 4.743090419446258
79.43282347242817 4.722575206834944
84.13951416451951 4.70205999422363
89.12509381337455 4.681544781612317
94.40608762859236 4.661029569001003
100. 4.640514356389689
105.92537251772886 4.619999143778376
112.20184543019641 4.599483931167062
118.85022274370189 4.578968718555749
125.89254117941675 4.558453505944435
133.3521432163324 4.537938293333121
141.2537544622754 4.517423080721808
149.62356560944343 4.496907868110494
158.48931924611142 4.476392655499181
167.88040181225605 4.455877442887866
177.82794100389228 4.435362230276552
188.36490894898 4.41484701766524
199.52623149688807 4.394331805053926
211.34890398366477 4.373816592442612
223.872113856834 4.353301379831299
237.13737056616552 4.332786167219984
251.18864315095797 4.312270954608671
266.0725059798811 4.291755741997357
281.8382931264455 4.271240529386043
298.538261891796 4.25072531677473
316.22776601683796 4.230210104163417
334.9654391578276 4.209694891552104
354.81338923357566 4.189179678940789
375.8374042884443 4.168664466329476
398.1071705534973 4.148149253718162
421.6965034285823 4.127634041106848
446.683592150963 4.107118828495535
473.1512589614808 4.086603615884221
501.18723362727246 4.066088403272907
530.8844442309885 4.045573190661594
562.341325190349 4.02505797805028
595.6621435290103 4.004542765438966
630.9573444801937 3.9840275528276528
668.3439175686149 3.9635123402163392
707.945784384138 3.9429971276050253
749.8942093324558 3.9224819149937122
794.3282347242813 3.9019667023823983
841.3951416451956 3.8814514897710843
891.2509381337459 3.8609362771597713
944.0608762859235 3.8404613255978166
1000. 3.8201474182332973
1059.2537251772887 3.8003716713272953
1122.018454301964 3.779768098236334
1188.502227437019 3.7568572724740927
1258.9254117941675 3.732546249295158
1333.521432163324 3.7082352261162237
1412.537544622754 3.6839242029372885
1496.2356560944343 3.659598059541522
1584.893192461114 3.635222110533288
1678.8040181225606 3.6103114104857625
1778.2794100389228 3.584426124724976
1883.6490894898002 3.557590281211792
1995.262314968881 3.5307105224238837
2113.489039836648 3.5043529493483447
2238.72113856834 3.478684820451731
2371.373705661655 3.452726072985376
2511.886431509582 3.42479748318826
2660.7250597988113 3.3942672627212285
2818.382931264455 3.363297655101209
2985.3826189179604 3.332328047481189
3162.2776601683795 3.301713361174871
3349.6543915782795 3.2715861018232895
3548.1338923357566 3.2417246402225857
3758.374042884443 3.211540869754134
3981.0717055349733 3.1800678638146893
4216.965034285822 3.145606219535562
4466.835921509635 3.111144575256435
4731.512589614807 3.076682930977307
5011.872336272725 3.04222128669818
5308.8444423098845 3.0077596424190527
5623.413251903491 2.9732979981399255
5956.62143529011 2.938836353860798
6309.573444801937 2.9043747095816705
6683.439175686149 2.86988292751243
7079.457843841381 2.83537014319748
7498.942093324558 2.8008559933040775
7943.282347242822 2.7663418434106744
8413.951416451957 2.731827693517272
8912.509381337459 2.6971483140204477
9440.608762859236 2.6622687148705406
10000. 2.627274442490968
10592.537251772897 2.592189237498102
11220.18454301963 2.5567926924211424
11885.022274370189 2.5213961473441815
12589.254117941688 2.4859996022672206
13335.21432163324 2.4506030571902615
14125.375446227554 2.415206512113301
14962.356560944329 2.3796281879994643
15848.93192461114 2.343322747738119
16788.040181225624 2.306731862416654
17782.794100389227 2.27014097709519
18836.49089489802 2.233550091773725
19952.62314968879 2.196959206452261
21134.890398366475 2.1603683211307962
22387.211385683422 2.123777435809331
23713.737056616552 2.0871865504878673
25118.864315095823 2.050595665166402
26607.250597988084 2.014004779844938
28183.82931264455 1.977413894523473
29853.826189179632 1.940823009202008
31622.776601683792 1.904232123880544
33496.54391578279 1.8675680280400568
35481.33892335753 1.8308540307207886
37583.74042884443 1.7941275387682287
39810.71705534977 1.7574010339732722
42169.65034285822 1.720674529178317
44668.359215096345 1.6839480243833602
47315.12589614803 1.6472215195884048
50118.72336272725 1.6104950147934483
53088.4444230989 1.5737685099984915
56234.13251903491 1.5370420052035363
59566.214352901094 1.5003155004085795
63095.7344480193 1.4635889956136245
66834.39175686149 1.4268624908186678
70794.57843841388 1.390135986023711
74989.42093324558 1.3534094812287556
79432.82347242821 1.3185655514125907
84139.51416451948 1.2868028238536189
89125.0938133746 1.2560694554506626
94406.08762859246 1.2253360870477064
100000. 1.1946027186447512
105925.37251772897 1.1639400173798087
112201.84543019629 1.1338695055156522
118850.22274370189 1.1046166106146582
125892.54117941688 1.0753637157136642
133352.1432163324 1.046110820812671
141253.75446227554 1.0167198216955717
149623.5656094433 0.9871546509073429
158489.3192461114 0.9571931237371001
167880.40181225623 0.926826473166523
177827.94100389228 0.8966588848182698
188364.9089489802 0.8664912964700157
199526.2314968879 0.8363237081217627
211348.90398366476 0.8061282031963248
223872.11385683424 0.7716972695540225
237137.37056616554 0.7327073609108302
251188.6431509582 0.7007824582565154
266072.50597988087 0.6784335518758992
281838.2931264455 0.6560846454952822
298538.2618917963 0.6344411813691115
316227.7660168379 0.6152223571298752
334965.43915782793 0.5988131691338556
354813.3892335753 0.5819164558068916
375837.4042884443 0.5650197424799269
398107.17055349774 0.5481230291529622
421696.5034285823 0.5312516456527738
446683.5921509635 0.5144684693074424
473151.2589614803 0.49779819010434845
501187.2336272725 0.4811515758481596
530884.444230989 0.46455658145495293
562341.3251903491 0.4480544423532663
595662.1435290109 0.4319425171998791
630957.3444801943 0.4193651282656947
668343.9175686149 0.4117584175052295
707945.7843841388 0.4042952026261073
749894.2093324559 0.39683198774698536
794328.2347242822 0.38936877286786314
841395.1416451965 0.38190555798874093
891250.9381337459 0.374442343109619
944060.8762859246 0.3670500305708007
1.e6 0.3599413273931983
1.0592537251772897e6 0.35479220012855117
1.1220184543019652e6 0.34964307286390417
1.1885022274370189e6 0.34449394559925717
1.2589254117941686e6 0.33947117174861086
1.333521432163324e6 0.3346819487420698
1.4125375446227554e6 0.33006880862794424
1.4962356560944358e6 0.32545566851381874
1.5848931924611141e6 0.3208425283996934
1.6788040181225624e6 0.3162293882855679
1.778279410038923e6 0.3116162481714425
1.883649089489802e6 0.307003108057317
1.9952623149688828e6 0.3023899679431914
2.1134890398366475e6 0.297776827829066
2.238721138568342e6 0.2937415493733013
2.3713737056616554e6 0.2914556064768632
2.5118864315095823e6 0.2902217772019918
2.660725059798814e6 0.28894901781848625
2.818382931264455e6 0.2876273368499872
2.9853826189179635e6 0.28630565588148793
3.1622776601683795e6 0.2849842815605499
3.3496543915782794e6 0.2836678451181194
3.5481338923357604e6 0.2823630768835186
3.7583740428844434e6 0.2810719906827035
3.9810717055349774e6 0.2797850682365238
4.216965034285823e6 0.2784981457903441
4.466835921509635e6 0.2772112233441644
4.731512589614812e6 0.2759243008979847
5.011872336272725e6 0.274637378451805
5.30884444230989e6 0.27335045600562535
5.623413251903491e6 0.2720635335594457
5.956621435290109e6 0.27077661111326595
6.309573444801942e6 0.26948968866708634
6.683439175686149e6 0.2685100217587173
7.079457843841388e6 0.26777197137552156
7.498942093324558e6 0.2670890902422747
7.943282347242822e6 0.2664062091090279
8.413951416451965e6 0.26572332797578113
8.912509381337458e6 0.26504044684253436
9.440608762859246e6 0.2643575657092876
1.e7 0.26367815527662003
1.0592537251772897e7 0.26300835470595674
1.1220184543019652e7 0.26235616937983514
1.188502227437019e7 0.2617039840537135
1.2589254117941687e7 0.2610517987275919
1.333521432163324e7 0.2603996134014702
1.4125375446227554e7 0.2597474280753486
1.4962356560944358e7 0.25915359900471946
1.5848931924611142e7 0.25879319495606046
1.6788040181225624e7 0.2586433405807057
1.7782794100389227e7 0.25849348620535084
1.883649089489802e7 0.2583436318299961
1.995262314968883e7 0.2581937774546413
2.1134890398366477e7 0.258056273269097
2.2387211385683425e7 0.2579681698427949
2.3713737056616552e7 0.25788373357383076
2.5118864315095823e7 0.2577992973048665
2.660725059798814e7 0.2577148610359023
2.818382931264455e7 0.2576346670396654
2.9853826189179633e7 0.2575664459601275
3.162277660168379e7 0.2575206629110216
3.3496543915782794e7 0.25747487986191575
3.5481338923357606e7 0.2574290968128099
3.758374042884443e7 0.25738331376370394
3.9810717055349775e7 0.25733753071459803
4.2169650342858225e7 0.2572917476654921
4.466835921509635e7 0.25724596461638627
4.731512589614812e7 0.2572001815672803
5.011872336272725e7 0.25715439851817445
5.30884444230989e7 0.25710861546906855
5.623413251903491e7 0.25706283241996264
5.956621435290109e7 0.2570170493708568
6.309573444801943e7 0.25697126632175094
6.6834391756861486e7 0.25692548327264497
7.079457843841387e7 0.2568797002235391
7.498942093324558e7 0.2568339171744332
7.943282347242822e7 0.2567881341253273
8.413951416451965e7 0.25674235107622145
8.91250938133746e7 0.25669656802711555
9.440608762859245e7 0.25665078497800964
1.e8 0.2566050019289038