#Columns: M_EDO [M_sun], f_EDO
10. 10.
10.592537251772887 10.
11.220184543019636 10.
11.885022274370183 10.
12.589254117941675 9.966656221066927
13.33521432163324 9.932196058382718
14.12537544622754 9.897735895698517
14.962356560944336 9.863275733014321
15.848931924611133 9.828815570330107
16.788040181225607 9.794355407645911
17.78279410038923 9.759895244961708
18.836490894898002 9.725435082277508
19.952623149688797 9.690974919593305
21.134890398366466 9.656514756909104
22.3872113856834 9.6220545942249
23.71373705661655 9.587594431540698
25.118864315095795 9.553134268856498
26.6072505979881 9.518674106172297
28.183829312644534 9.484213943488093
29.853826189179603 9.44975378080389
31.622776601683793 9.415293618119687
33.49654391578277 9.380833455435486
35.48133892335755 9.346373292751284
37.583740428844415 9.311913130067083
39.810717055349734 9.277452967382878
42.169650342858226 9.24299280469868
44.668359215096324 9.208532642014475
47.315125896148054 9.174072479330272
50.11872336272722 9.13961231664607
53.08844442309885 9.105152153961868
56.23413251903491 9.070691991277666
59.56621435290106 9.036231828593465
63.09573444801933 9.001771665909262
66.83439175686145 8.96731150322506
70.79457843841381 8.932851340540857
74.98942093324558 8.898391177856656
79.43282347242817 8.863931015172453
84.13951416451951 8.82947085248825
89.12509381337455 8.79501068980405
94.40608762859236 8.760550527119847
100. 8.726090364435642
105.92537251772886 8.691630201751442
112.20184543019641 8.657170039067239
118.85022274370189 8.622709876383038
125.89254117941675 8.588249713698834
133.3521432163324 8.553789551014631
141.2537544622754 8.51932938833043
149.62356560944343 8.484869225646229
158.48931924611142 8.450409062962027
167.88040181225605 8.415948900277824
177.82794100389228 8.381488737593621
188.36490894898 8.34702857490942
199.52623149688807 8.312568412225218
211.34890398366477 8.278108249541017
223.872113856834 8.243648086856814
237.13737056616552 8.20918792417261
251.18864315095797 8.174727761488409
266.0725059798811 8.140267598804206
281.8382931264455 8.105807436120003
298.538261891796 8.071347273435803
316.22776601683796 8.036887110751602
334.9654391578276 8.002426948067399
354.81338923357566 7.9679667853831955
375.8374042884443 7.933506622698995
398.1071705534973 7.899046460014793
421.6965034285823 7.864586297330591
446.683592150963 7.830126134646388
473.1512589614808 7.795665971962185
501.18723362727246 7.761205809277984
530.8844442309885 7.7267456465937805
562.341325190349 7.692285483909581
595.6621435290103 7.657825321225378
630.9573444801937 7.623365158541175
668.3439175686149 7.588904995856973
707.945784384138 7.554444833172772
749.8942093324558 7.519984670488569
794.3282347242813 7.485524507804367
841.3951416451956 7.451064345120163
891.2509381337459 7.416604182435963
944.0608762859235 7.382497020687146
1000. 7.349801862679875
1059.2537251772887 7.321825189368567
1122.018454301964 7.286590299436482
1188.502227437019 7.231125873411797
1258.9254117941675 7.163384792762173
1333.521432163324 7.095643712112551
1412.537544622754 7.027902631462928
1496.2356560944343 6.960028979736049
1584.893192461114 6.891718642228042
1678.8040181225606 6.824254857966744
1778.2794100389228 6.758574409488425
1883.6490894898002 6.6946333294725955
1995.262314968881 6.630772607376819
2113.489039836648 6.579165743938103
2238.72113856834 6.53360379100053
2371.373705661655 6.49040024424016
2511.886431509582 6.439251503978279
2660.7250597988113 6.3743746799507965
2818.382931264455 6.30564539607761
2985.3826189179604 6.236916112204423
3162.2776601683795 6.16753737916504
3349.6543915782795 6.0972667328561005
3548.1338923357566 6.026509719228496
3758.374042884443 5.95488027914006
3981.0717055349733 5.879761133208307
4216.965034285822 5.799829195519454
4466.835921509635 5.719897257830601
4731.512589614807 5.639965320141748
5011.872336272725 5.560033382452896
5308.8444423098845 5.480101444764042
5623.413251903491 5.40016950707519
5956.62143529011 5.320237569386337
6309.573444801937 5.240305631697485
6683.439175686149 5.160428841338208
7079.457843841381 5.080590481725235
7498.942093324558 5.000754620902142
7943.282347242822 4.920918760079047
8413.951416451957 4.841082899255953
8912.509381337459 4.759798337877608
9440.608762859236 4.676758290093762
10000. 4.592805345796375
10592.537251772897 4.509018793619166
11220.18454301963 4.42580194393717
11885.022274370189 4.342585094255172
12589.254117941688 4.2593682445731735
13335.21432163324 4.1761513948911775
14125.375446227554 4.09293454520918
14962.356560944329 4.010050322054176
15848.93192461114 3.9284966050071386
16788.040181225624 3.8474652067083235
17782.794100389227 3.766433808409512
18836.49089489802 3.6854024101106972
19952.62314968879 3.6043710118118852
21134.890398366475 3.523339613513071
22387.211385683422 3.4423082152142563
23713.737056616552 3.3612768169154443
25118.864315095823 3.2802454186166297
26607.250597988084 3.1992140203178177
28183.82931264455 3.118182622019003
29853.826189179632 3.0371512237201888
31622.776601683792 2.9561198254213767
33496.54391578279 2.8752223906482803
35481.33892335753 2.793988907095056
37583.74042884443 2.7126712424473958
39810.71705534977 2.6313534652001356
42169.65034285822 2.550035687952878
44668.359215096345 2.4687179107056174
47315.12589614803 2.3874001334583594
50118.72336272725 2.3060823562110997
53088.4444230989 2.224764578963839
56234.13251903491 2.143446801716581
59566.214352901094 2.0621290244693213
63095.7344480193 1.9808112472220638
66834.39175686149 1.899493469974803
70794.57843841388 1.8181756927275423
74989.42093324558 1.7368579154802848
79432.82347242821 1.6636110470628518
84139.51416451948 1.6035737999270203
89125.0938133746 1.5479495849386193
94406.08762859246 1.4923253699502184
100000. 1.4367011549618192
105925.37251772897 1.3808748371813122
112201.84543019629 1.3269410034795541
118850.22274370189 1.2760479986880204
125892.54117941688 1.2251549938964872
133352.1432163324 1.1742619891049553
141253.75446227554 1.1236216929125826
149623.5656094433 1.072686172145805
158489.3192461114 1.0197652985825556
167880.40181225623 0.9641818311613781
177827.94100389228 0.9084264981905108
188364.9089489802 0.8526711652196409
199526.2314968879 0.7969158322487735
211348.90398366476 0.7501416369327196
223872.11385683424 0.7185717918013231
237137.37056616554 0.6993023951001137
251188.6431509582 0.6739332416309765
266072.50597988087 0.6402964025898704
281838.2931264455 0.6066595635487633
298538.2618917963 0.576047071577221
316227.7660168379 0.5558939651158569
334965.43915782793 0.5485108192704375
354813.3892335753 0.5415485911060016
375837.4042884443 0.5345863629415653
398107.17055349774 0.5276241347771289
421696.5034285823 0.5206400374476067
446683.5921509635 0.5135797841755887
473151.2589614803 0.506479038550979
501187.2336272725 0.49958578251063324
530884.444230989 0.4930964761023632
562341.3251903491 0.4868572482277414
595662.1435290109 0.4822539299370882
630957.3444801943 0.47585914386430345
668343.9175686149 0.46517279344195467
707945.7843841388 0.4543625521163608
749894.2093324559 0.4435523107907671
794328.2347242822 0.43274206946517313
841395.1416451965 0.4219318281395792
891250.9381337459 0.41112158681398564
944060.8762859246 0.40061531549269985
1.e6 0.3913249241886484
1.0592537251772897e6 0.39043555739451585
1.1220184543019652e6 0.3895461906003836
1.1885022274370189e6 0.38865682380625105
1.2589254117941686e6 0.3876583665041395
1.333521432163324e6 0.38645826700324903
1.4125375446227554e6 0.38510614175511637
1.4962356560944358e6 0.3837540165069835
1.5848931924611141e6 0.38240189125885093
1.6788040181225624e6 0.38104976601071816
1.778279410038923e6 0.37969764076258555
1.883649089489802e6 0.37834551551445306
1.9952623149688828e6 0.3769933902663201
2.1134890398366475e6 0.3756412650181873
2.238721138568342e6 0.3737902278700422
2.3713737056616554e6 0.37042885634508615
2.5118864315095823e6 0.36606743651085183
2.660725059798814e6 0.3615391168925125
2.818382931264455e6 0.35680106238619164
2.9853826189179635e6 0.3520630078798706
3.1622776601683795e6 0.3473243922576204
3.3496543915782794e6 0.3425767411084636
3.5481338923357604e6 0.3378970495456187
3.7583740428844434e6 0.3333373193549005
3.9810717055349774e6 0.3288140961431213
4.216965034285823e6 0.3242908729313421
4.466835921509635e6 0.31976764971956273
4.731512589614812e6 0.3152444265077836
5.011872336272725e6 0.3107212032960045
5.30884444230989e6 0.3061979800842252
5.623413251903491e6 0.301674756872446
5.956621435290109e6 0.29715153366066677
6.309573444801942e6 0.2926283104488875
6.683439175686149e6 0.28942234230586594
7.079457843841388e6 0.28725222397941
7.498942093324558e6 0.2853186253090446
7.943282347242822e6 0.2833850266386792
8.413951416451965e6 0.28145142796831396
8.912509381337458e6 0.2795178292979486
9.440608762859246e6 0.27758423062758336
1.e7 0.27564428113096345
1.0592537251772897e7 0.27368674712582014
1.1220184543019652e7 0.27169698004410936
1.188502227437019e7 0.26970721296239863
1.2589254117941687e7 0.2677174458806881
1.333521432163324e7 0.26572767879897735
1.4125375446227554e7 0.26373791171726657
1.4962356560944358e7 0.26199832750903307
1.5848931924611142e7 0.2612594747947079
1.6788040181225624e7 0.26142328318898816
1.7782794100389227e7 0.26158709158326804
1.883649089489802e7 0.2617508999775481
1.995262314968883e7 0.261914708371828
2.1134890398366477e7 0.2621868007930952
2.2387211385683425e7 0.26289202932231037
2.3713737056616552e7 0.2636294107633622
2.5118864315095823e7 0.26436679220441384
2.660725059798814e7 0.26510417364546546
2.818382931264455e7 0.26583379240679283
2.9853826189179633e7 0.2665415026479304
3.162277660168379e7 0.26720815488665245
3.3496543915782794e7 0.26787480712537476
3.5481338923357606e7 0.2685414593640969
3.758374042884443e7 0.2692081116028189
3.9810717055349775e7 0.26987476384154097
4.2169650342858225e7 0.27054141608026316
4.466835921509635e7 0.27120806831898525
4.731512589614812e7 0.2718747205577074
5.011872336272725e7 0.27254137279642965
5.30884444230989e7 0.27320802503515174
5.623413251903491e7 0.27387467727387377
5.956621435290109e7 0.274541329512596
6.309573444801943e7 0.27520798175131805
6.6834391756861486e7 0.27587463399004014
7.079457843841387e7 0.2765412862287624
7.498942093324558e7 0.2772079384674845
7.943282347242822e7 0.27787459070620657
8.413951416451965e7 0.2785412429449288
8.91250938133746e7 0.2792078951836509
9.440608762859245e7 0.2798745474223729
1.e8 0.2805411996610951