#Columns: M_EDO [M_sun], f_EDO
10. 2.3883826890758746
10.592537251772887 2.348678769297658
11.220184543019636 2.308974849519442
11.885022274370183 2.269270929741225
12.589254117941675 2.229567009963008
13.33521432163324 2.189863090184792
14.12537544622754 2.1501591704065754
14.962356560944336 2.1104552506283585
15.848931924611133 2.0707513308501424
16.788040181225607 2.0310474110719254
17.78279410038923 1.991343491293709
18.836490894898002 1.9516395715154926
19.952623149688797 1.9119356517372759
21.134890398366466 1.8722317319590593
22.3872113856834 1.8325278121808428
23.71373705661655 1.7928238924026263
25.118864315095795 1.7531199726244098
26.6072505979881 1.713416052846193
28.183829312644534 1.6737121330679767
29.853826189179603 1.6340082132897598
31.622776601683793 1.5943042935115435
33.49654391578277 1.5546003737333267
35.48133892335755 1.5148964539551102
37.583740428844415 1.4751925341768939
39.810717055349734 1.4354886143986771
42.169650342858226 1.3957846946204606
44.668359215096324 1.356080774842244
47.315125896148054 1.3163768550640276
50.11872336272722 1.276672935285811
53.08844442309885 1.2369690155075943
56.23413251903491 1.197265095729378
59.56621435290106 1.1572524307041725
63.09573444801933 1.1160047846910137
66.83439175686145 1.0702162667757458
70.79457843841381 1.0244277488604774
74.98942093324558 0.9798703442235066
79.43282347242817 0.9357098748428595
84.13951416451951 0.8891623046533216
89.12509381337455 0.8356091728034624
94.40608762859236 0.7277209487031305
100. 0.698363068553569
105.92537251772886 0.687858309572101
112.20184543019641 0.6763487822765131
118.85022274370189 0.6610952267163539
125.89254117941675 0.6337763087042452
133.3521432163324 0.5915823835371007
141.2537544622754 0.5595750971471338
149.62356560944343 0.5298097275210486
158.48931924611142 0.5057486608603408
167.88040181225605 0.4919385318996896
177.82794100389228 0.48368736422535974
188.36490894898 0.47543619655102975
199.52623149688807 0.46676593616853135
211.34890398366477 0.45737644224859797
223.872113856834 0.44740820239957707
237.13737056616552 0.4367068037986361
251.18864315095797 0.42408740432296677
266.0725059798811 0.4106893548168323
281.8382931264455 0.39688858358131257
298.538261891796 0.38194093545412183
316.22776601683796 0.3676194948368151
334.9654391578276 0.3556896571015702
354.81338923357566 0.3453841999979697
375.8374042884443 0.33827887797380685
398.1071705534973 0.33125031803683047
421.6965034285823 0.32404219807284745
446.683592150963 0.31663535072356086
473.1512589614808 0.30918357404906766
501.18723362727246 0.301949442190357
530.8844442309885 0.2959724929125619
562.341325190349 0.2914373385032857
595.6621435290103 0.2875356627783868
630.9573444801937 0.28381600703165294
668.3439175686149 0.2800601588105081
707.945784384138 0.2761595406917189
749.8942093324558 0.2717840375572415
794.3282347242813 0.2674085344227641
841.3951416451956 0.26303303128828653
891.2509381337459 0.25865752815380905
944.0608762859235 0.2553088242131586
1000. 0.2560673170478151
1059.2537251772887 0.256904545528515
1122.018454301964 0.25774177400921483
1188.502227437019 0.25844039172792
1258.9254117941675 0.2590418231330405
1333.521432163324 0.25963608582977893
1412.537544622754 0.2602303485265173
1496.2356560944343 0.2608246112232556
1584.893192461114 0.261418873919994
1678.8040181225606 0.26201313661673237
1778.2794100389228 0.26260739931347077
1883.6490894898002 0.2632016620102091
1995.262314968881 0.26379592470694746
2113.489039836648 0.26439018740368586
2238.72113856834 0.2649045838469505
2371.373705661655 0.2653521426825739
2511.886431509582 0.2657684541553488
2660.7250597988113 0.26618476562812365
2818.382931264455 0.26660107710089853
2985.3826189179604 0.2670173885736734
3162.2776601683795 0.2674337000464483
3349.6543915782795 0.26785001151922316
3548.1338923357566 0.2682663229919981
3758.374042884443 0.26872894936931485
3981.0717055349733 0.26937683536479934
4216.965034285822 0.2700636442846608
4466.835921509635 0.2707504532045223
4731.512589614807 0.2714372621243837
5011.872336272725 0.27212407104424513
5308.8444423098845 0.2728108799641066
5623.413251903491 0.2734976888839681
5956.62143529011 0.2741844978038295
6309.573444801937 0.2748503515579994
6683.439175686149 0.27551084633236467
7079.457843841381 0.27617126098114203
7498.942093324558 0.27683167562991945
7943.282347242822 0.27749209027869687
8413.951416451957 0.277857862426673
8912.509381337459 0.2779526681543022
9440.608762859236 0.2779797322768447
10000. 0.27800679639938725
10592.537251772897 0.2780338605219297
11220.18454301963 0.2780609246444722
11885.022274370189 0.2780879887670147
12589.254117941688 0.27811505288955723
13335.21432163324 0.2781421170120998
14125.375446227554 0.2782168651893512
14962.356560944329 0.27836322774386535
15848.93192461114 0.2785099434791765
16788.040181225624 0.2786566592144877
17782.794100389227 0.2788033749497988
18836.49089489802 0.2788629303473621
19952.62314968879 0.2788561414512867
21134.890398366475 0.2788369964525008
22387.211385683422 0.2788178514537151
23713.737056616552 0.2787987064549293
25118.864315095823 0.2787795614561436
26607.250597988084 0.2787604164573579
28183.82931264455 0.2787412714585721
29853.826189179632 0.2787221264597863
31622.776601683792 0.2787029814610006
33496.54391578279 0.27868383646221484
35481.33892335753 0.2786646914634291
37583.74042884443 0.2786455464646433
39810.71705534977 0.27862640146585754
42169.65034285822 0.27860725646707174
44668.359215096345 0.27858811146828605
47315.12589614803 0.27856896646950025
50118.72336272725 0.27854982147071455
53088.4444230989 0.27853067647192875
56234.13251903491 0.27851153147314295
59566.214352901094 0.2784880376233115
63095.7344480193 0.27844714836929724
66834.39175686149 0.2783483873892372
70794.57843841388 0.2782603950749152
74989.42093324558 0.27807463719433656
79432.82347242821 0.27778683461542153
84139.51416451948 0.27744642272169273
89125.0938133746 0.27710601082796393
94406.08762859246 0.2767655989342351
100000. 0.2764251870405063
105925.37251772897 0.2760847751467775
112201.84543019629 0.2757443632530486
118850.22274370189 0.2754039513593198
125892.54117941688 0.275063539465591
133352.1432163324 0.2747231275718621
141253.75446227554 0.27438271567813327
149623.5656094433 0.2740423037844045
158489.3192461114 0.27370189189067556
167880.40181225623 0.27336199755111973
177827.94100389228 0.27302417342825563
188364.9089489802 0.2727917680964458
199526.2314968879 0.2725593627646359
211348.90398366476 0.27232695743282603
223872.11385683424 0.2720945521010161
237137.37056616554 0.27186214676920617
251188.6431509582 0.2716297414373963
266072.50597988087 0.2713973361055865
281838.2931264455 0.2711649307737765
298538.2618917963 0.270870501082278
316227.7660168379 0.27050837877603556
334965.43915782793 0.2701067419073657
354813.3892335753 0.26970510503869594
375837.4042884443 0.2693034681700261
398107.17055349774 0.26890183130135625
421696.5034285823 0.26850019443268647
446683.5921509635 0.2680985575640167
473151.2589614803 0.2676969206953468
501187.2336272725 0.26729528382667705
530884.444230989 0.26689364695800727
562341.3251903491 0.26649201008933754
595662.1435290109 0.26619674737209453
630957.3444801943 0.26612662540243204
668343.9175686149 0.26628691388778347
707945.7843841388 0.266443496313416
749894.2093324559 0.2665973330212279
794328.2347242822 0.26675116972903967
841395.1416451965 0.2669050064368515
891250.9381337459 0.26703593454606844
944060.8762859246 0.26712178005413445
1.e6 0.2671647467491659
1.0592537251772897e6 0.26720771344419736
1.1220184543019652e6 0.26725068013922876
1.1885022274370189e6 0.26729364683426016
1.2589254117941686e6 0.26733661352929167
1.333521432163324e6 0.267379580224323
1.4125375446227554e6 0.2674225469193545
1.4962356560944358e6 0.2674655136143859
1.5848931924611141e6 0.2675084803094174
1.6788040181225624e6 0.26755144700444883
1.778279410038923e6 0.2675944136994803
1.883649089489802e6 0.26765207694023907
1.9952623149688828e6 0.26776852636390736
2.1134890398366475e6 0.2679334626333448
2.238721138568342e6 0.2680983989027823
2.3713737056616554e6 0.26826333517221973
2.5118864315095823e6 0.2684282714416572
2.660725059798814e6 0.2685932077110947
2.818382931264455e6 0.26875814398053216
2.9853826189179635e6 0.26892308024996964
3.1622776601683795e6 0.2690880165194071
3.3496543915782794e6 0.26925295278884454
3.5481338923357604e6 0.269417889058282
3.7583740428844434e6 0.2695462047800943
3.9810717055349774e6 0.26952803831140604
4.216965034285823e6 0.26945355048746045
4.466835921509635e6 0.2693790626635149
4.731512589614812e6 0.2693045748395694
5.011872336272725e6 0.2692406562296327
5.30884444230989e6 0.26920438988006035
5.623413251903491e6 0.2692153172878914
5.956621435290109e6 0.2692262446957224
6.309573444801942e6 0.26923717210355347
6.683439175686149e6 0.2692480995113845
7.079457843841388e6 0.26925311627819637
7.498942093324558e6 0.2692486848707701
7.943282347242822e6 0.269241924612506
8.413951416451965e6 0.269235164354242
8.912509381337458e6 0.2692284040959778
9.440608762859246e6 0.2692216438377138
1.e7 0.2692345609253087
1.0592537251772897e7 0.2693010646482884
1.1220184543019652e7 0.26946385083765345
1.188502227437019e7 0.2696266370270186
1.2589254117941687e7 0.2697894232163837
1.333521432163324e7 0.269900018289067
1.4125375446227554e7 0.26990765622900414
1.4962356560944358e7 0.26981304958650365
1.5848931924611142e7 0.26971844294400316
1.6788040181225624e7 0.2697278288993906
1.7782794100389227e7 0.269737773466368
1.883649089489802e7 0.2697478576862429
1.995262314968883e7 0.26975794190611774
2.1134890398366477e7 0.2697680261259925
2.2387211385683425e7 0.2697781103458674
2.3713737056616552e7 0.26978819456574216
2.5118864315095823e7 0.26979827878561696
2.660725059798814e7 0.2698083630054918
2.818382931264455e7 0.26981844722536663
2.9853826189179633e7 0.26982853144524144
3.162277660168379e7 0.26983861566511624
3.3496543915782794e7 0.26984869988499105
3.5481338923357606e7 0.26985878410486597
3.758374042884443e7 0.26986886832474066
3.9810717055349775e7 0.2698789525446156
4.2169650342858225e7 0.26988270048511964
4.466835921509635e7 0.26986110330814106
4.731512589614812e7 0.26971076248809533
5.011872336272725e7 0.2695730510297492
5.30884444230989e7 0.26944838720359965
5.623413251903491e7 0.2693303169052979
5.956621435290109e7 0.26921224660699616
6.309573444801943e7 0.26909417630869437
6.6834391756861486e7 0.2689761060103926
7.079457843841387e7 0.2688580357120909
7.498942093324558e7 0.2687399654137891
7.943282347242822e7 0.2686218951154874
8.413951416451965e7 0.2685038248171856
8.91250938133746e7 0.2683857545188839
9.440608762859245e7 0.2682676842205821
1.e8 0.26814961392228037