#Columns: M_EDO [M_sun], f_EDO
10. 2.2434459194923004
10.592537251772887 2.2085126009679095
11.220184543019636 2.1735792824435185
11.885022274370183 2.138645963919127
12.589254117941675 2.1037126453947357
13.33521432163324 2.0687793268703456
14.12537544622754 2.033846008345954
14.962356560944336 1.9989126898215634
15.848931924611133 1.9639793712971725
16.788040181225607 1.9290460527727815
17.78279410038923 1.8941127342483906
18.836490894898002 1.8591794157239996
19.952623149688797 1.8242460971996086
21.134890398366466 1.7893127786752179
22.3872113856834 1.7543794601508267
23.71373705661655 1.719446141626436
25.118864315095795 1.684512823102045
26.6072505979881 1.649579504577654
28.183829312644534 1.6146461860532635
29.853826189179603 1.579712867528872
31.622776601683793 1.544779549004481
33.49654391578277 1.5098462304800901
35.48133892335755 1.4749129119556992
37.583740428844415 1.4399795934313084
39.810717055349734 1.4050462749069172
42.169650342858226 1.3701129563825265
44.668359215096324 1.3351796378581355
47.315125896148054 1.3002463193337446
50.11872336272722 1.2653130008093538
53.08844442309885 1.2303796822849626
56.23413251903491 1.195446363760572
59.56621435290106 1.1604106722917509
63.09573444801933 1.1249654890452099
66.83439175686145 1.088014655326531
70.79457843841381 1.0510638216078525
74.98942093324558 1.014467579812598
79.43282347242817 0.9779856654626687
84.13951416451951 0.9408162053911945
89.12509381337455 0.9016289654552758
94.40608762859236 0.7778102683107093
100. 0.7434668224151268
105.92537251772886 0.7309012904748513
112.20184543019641 0.7177809694464758
118.85022274370189 0.7002386279182027
125.89254117941675 0.6659733434911969
133.3521432163324 0.613648408178823
141.2537544622754 0.5768553223999626
149.62356560944343 0.5437788670770985
158.48931924611142 0.5184310339149296
167.88040181225605 0.5058707122970767
177.82794100389228 0.4974233761828001
188.36490894898 0.48897604006852335
199.52623149688807 0.47994223797551894
211.34890398366477 0.4702707898780444
223.872113856834 0.4600607723421204
237.13737056616552 0.44905411375260995
251.18864315095797 0.4361281895402969
266.0725059798811 0.42297799432315913
281.8382931264455 0.4092642421922992
298.538261891796 0.3939455843552682
316.22776601683796 0.379484583314687
334.9654391578276 0.3683366430327466
354.81338923357566 0.35943893909571245
375.8374042884443 0.3514629554203615
398.1071705534973 0.34350908117768525
421.6965034285823 0.3354948331041342
446.683592150963 0.3274146915220325
473.1512589614808 0.31937698609920834
501.18723362727246 0.31164078160862463
530.8844442309885 0.30564613810482466
562.341325190349 0.3000667681787068
595.6621435290103 0.29466985621896885
630.9573444801937 0.2893253706405369
668.3439175686149 0.2839302383805611
707.945784384138 0.27833251939440873
749.8942093324558 0.2720702603194394
794.3282347242813 0.26580800124447
841.3951416451956 0.25954574216950066
891.2509381337459 0.2532834830945313
944.0608762859235 0.24845820212519965
1000. 0.24938083357841745
1059.2537251772887 0.25056724351785115
1122.018454301964 0.25175365345728473
1188.502227437019 0.25289410320146527
1258.9254117941675 0.2540023281610474
1333.521432163324 0.25510817613898534
1412.537544622754 0.2562140241169232
1496.2356560944343 0.2573198720948612
1584.893192461114 0.258425720072799
1678.8040181225606 0.25953156805073696
1778.2794100389228 0.2606374160286748
1883.6490894898002 0.26174326400661274
1995.262314968881 0.26284911198455063
2113.489039836648 0.2639549599624886
2238.72113856834 0.26494904546019743
2371.373705661655 0.26584960038050154
2511.886431509582 0.26670642866257394
2660.7250597988113 0.26756325694464633
2818.382931264455 0.26842008522671873
2985.3826189179604 0.2692769135087911
3162.2776601683795 0.2701337417908635
3349.6543915782795 0.2709905700729359
3548.1338923357566 0.2718473983550084
3758.374042884443 0.27271756650707824
3981.0717055349733 0.2736410941391383
4216.965034285822 0.27457583256297785
4466.835921509635 0.2755105709868176
4731.512589614807 0.2764453094106571
5011.872336272725 0.27738004783449666
5308.8444423098845 0.27831478625833633
5623.413251903491 0.2792495246821759
5956.62143529011 0.2801842631060156
6309.573444801937 0.2811120532706227
6683.439175686149 0.28203806651867136
7079.457843841381 0.28296405319888634
7498.942093324558 0.28389003987910133
7943.282347242822 0.2848160265593163
8413.951416451957 0.285333848274288
8912.509381337459 0.28547630323381123
9440.608762859236 0.2855249165044723
10000. 0.28557352977513345
10592.537251772897 0.28562214304579453
11220.18454301963 0.28567075631645567
11885.022274370189 0.2857193695871167
12589.254117941688 0.2857679828577779
13335.21432163324 0.28581659612843896
14125.375446227554 0.28587894361915434
14962.356560944329 0.28596191787121333
15848.93192461114 0.286044993848321
16788.040181225624 0.28612806982542865
17782.794100389227 0.28621114580253626
18836.49089489802 0.28617225217295006
19952.62314968879 0.28604051829502875
21134.890398366475 0.28589149365129807
22387.211385683422 0.2857424690075676
23713.737056616552 0.28559344436383705
25118.864315095823 0.28544441972010653
26607.250597988084 0.28529539507637597
28183.82931264455 0.2851463704326454
29853.826189179632 0.28499734578891484
31622.776601683792 0.2848483211451843
33496.54391578279 0.28469929650145376
35481.33892335753 0.2845502718577232
37583.74042884443 0.2844012472139926
39810.71705534977 0.28425222257026206
42169.65034285822 0.2841031979265315
44668.359215096345 0.2839541732828009
47315.12589614803 0.2838051486390704
50118.72336272725 0.2836561239953399
53088.4444230989 0.28350709935160934
56234.13251903491 0.28335807470787877
59566.214352901094 0.2832077974844838
63095.7344480193 0.28305250994243125
66834.39175686149 0.2828806364062993
70794.57843841388 0.2827123335162904
74989.42093324558 0.28240576031281467
79432.82347242821 0.2819578257285589
84139.51416451948 0.2814370120481304
89125.0938133746 0.280916198367702
94406.08762859246 0.28039538468727343
100000. 0.2798745710068451
105925.37251772897 0.27935375732641654
112201.84543019629 0.2788329436459881
118850.22274370189 0.2783121299655596
125892.54117941688 0.2777913162851312
133352.1432163324 0.2772705026047027
141253.75446227554 0.27674968892427415
149623.5656094433 0.2762288752438457
158489.3192461114 0.2757080615634172
167880.40181225623 0.27518797213303814
177827.94100389228 0.2746707797028565
188364.9089489802 0.2743011072205693
199526.2314968879 0.273931434738282
211348.90398366476 0.27356176225599477
223872.11385683424 0.2731920897737074
237137.37056616554 0.27282241729142015
251188.6431509582 0.2724527448091329
266072.50597988087 0.27208307232684564
281838.2931264455 0.27171339984455833
298538.2618917963 0.27132586276980114
316227.7660168379 0.2709188285010109
334965.43915782793 0.27050041303364086
354813.3892335753 0.27008199756627094
375837.4042884443 0.269663582098901
398107.17055349774 0.2692451666315311
421696.5034285823 0.2688267511641611
446683.5921509635 0.2684083356967911
473151.2589614803 0.26798992022942114
501187.2336272725 0.26757150476205127
530884.444230989 0.26715308929468135
562341.3251903491 0.2667346738273114
595662.1435290109 0.26646361728372825
630957.3444801943 0.2665044457029767
668343.9175686149 0.2668654354312797
707945.7843841388 0.2672251963139589
749894.2093324559 0.26758404677867814
794328.2347242822 0.26794289724339737
841395.1416451965 0.26830174770811666
891250.9381337459 0.26862854055542956
944060.8762859246 0.26889224613996693
1.e6 0.2690959483778393
1.0592537251772897e6 0.26929965061571165
1.1220184543019652e6 0.269503352853584
1.1885022274370189e6 0.26970705509145626
1.2589254117941686e6 0.2699107573293286
1.333521432163324e6 0.2701144595672009
1.4125375446227554e6 0.2703181618050733
1.4962356560944358e6 0.27052186404294565
1.5848931924611141e6 0.27072556628081795
1.6788040181225624e6 0.27092926851869026
1.778279410038923e6 0.2711329707565626
1.883649089489802e6 0.27134090597324284
1.9952623149688828e6 0.2715657731051546
2.1134890398366475e6 0.2718046056813559
2.238721138568342e6 0.27204343825755717
2.3713737056616554e6 0.2722822708337584
2.5118864315095823e6 0.2725211034099596
2.660725059798814e6 0.2727599359861609
2.818382931264455e6 0.27299876856236216
2.9853826189179635e6 0.27323760113856344
3.1622776601683795e6 0.2734764337147647
3.3496543915782794e6 0.273715266290966
3.5481338923357604e6 0.27395409886716726
3.7583740428844434e6 0.2741422014077898
3.9810717055349774e6 0.27412738380609825
4.216965034285823e6 0.27403454486007056
4.466835921509635e6 0.2739417059140429
4.731512589614812e6 0.2738488669680152
5.011872336272725e6 0.27377081826843497
5.30884444230989e6 0.2737314653266727
5.623413251903491e6 0.27375815393749764
5.956621435290109e6 0.2737848425483226
6.309573444801942e6 0.2738115311591476
6.683439175686149e6 0.2738382197699725
7.079457843841388e6 0.273862948545851
7.498942093324558e6 0.27388454452073685
7.943282347242822e6 0.27390536830133067
8.413951416451965e6 0.2739261920819245
8.912509381337458e6 0.2739470158625183
9.440608762859246e6 0.2739678396431122
1.e7 0.27399433099958137
1.0592537251772897e7 0.27403625666940423
1.1220184543019652e7 0.2741059141373884
1.188502227437019e7 0.27417557160537265
1.2589254117941687e7 0.2742452290733568
1.333521432163324e7 0.2742425867703695
1.4125375446227554e7 0.274097319101406
1.4962356560944358e7 0.27381041315444965
1.5848931924611142e7 0.2735235072074935
1.6788040181225624e7 0.27338212543576657
1.7782794100389227e7 0.27324152536862767
1.883649089489802e7 0.27310112072763576
1.995262314968883e7 0.27296071608664385
2.1134890398366477e7 0.2728203114456519
2.2387211385683425e7 0.27267990680466003
2.3713737056616552e7 0.272539502163668
2.5118864315095823e7 0.2723990975226761
2.660725059798814e7 0.27225869288168414
2.818382931264455e7 0.27211828824069223
2.9853826189179633e7 0.2719778835997003
3.162277660168379e7 0.27183747895870836
3.3496543915782794e7 0.27169707431771645
3.5481338923357606e7 0.27155666967672454
3.758374042884443e7 0.2714162650357326
3.9810717055349775e7 0.27127586039474066
4.2169650342858225e7 0.2711336307441992
4.466835921509635e7 0.2709841010554598
4.731512589614812e7 0.2707974899243962
5.011872336272725e7 0.27061506640417377
5.30884444230989e7 0.2704369691838339
5.623413251903491e7 0.27026105822827573
5.956621435290109e7 0.27008514727271743
6.309573444801943e7 0.2699092363171592
6.6834391756861486e7 0.26973332536160094
7.079457843841387e7 0.2695574144060427
7.498942093324558e7 0.2693815034504844
7.943282347242822e7 0.2692055924949262
8.413951416451965e7 0.26902968153936796
8.91250938133746e7 0.2688537705838097
9.440608762859245e7 0.26867785962825147
1.e8 0.2685019486726932