#Columns: M_EDO [M_sun], f_EDO
10. 2.3992562041262055
10.592537251772887 2.365764108550327
11.220184543019636 2.332272012974447
11.885022274370183 2.2987799173985666
12.589254117941675 2.265287821822687
13.33521432163324 2.2317957262468076
14.12537544622754 2.198303630670927
14.962356560944336 2.1648115350950476
15.848931924611133 2.131319439519168
16.788040181225607 2.097827343943288
17.78279410038923 2.0643352483674082
18.836490894898002 2.0308431527915283
19.952623149688797 1.9973510572156485
21.134890398366466 1.9638589616397688
22.3872113856834 1.9303668660638889
23.71373705661655 1.8968747704880087
25.118864315095795 1.8633826749121292
26.6072505979881 1.8298905793362492
28.183829312644534 1.7963984837603695
29.853826189179603 1.7629063881844895
31.622776601683793 1.7294142926086096
33.49654391578277 1.6959221970327296
35.48133892335755 1.6624301014568499
37.583740428844415 1.6289380058809702
39.810717055349734 1.5954459103050902
42.169650342858226 1.5619538147292105
44.668359215096324 1.5284617191533307
47.315125896148054 1.4949696235774506
50.11872336272722 1.461477528001571
53.08844442309885 1.427985432425691
56.23413251903491 1.3944933368498114
59.56621435290106 1.3610012412739314
63.09573444801933 1.327509145698052
66.83439175686145 1.2940170501221717
70.79457843841381 1.260524954546292
74.98942093324558 1.227032858970412
79.43282347242817 1.193540763394532
84.13951416451951 1.1600486678186526
89.12509381337455 1.1265565722427708
94.40608762859236 1.0105976745730694
100. 0.9744150650518819
105.92537251772886 0.9577418284743466
112.20184543019641 0.9407787925011619
118.85022274370189 0.9198457264707891
125.89254117941675 0.8830325402116663
133.3521432163324 0.8297005881846751
141.2537544622754 0.791478774882114
149.62356560944343 0.7569491296260068
158.48931924611142 0.7296939082649366
167.88040181225605 0.7141863965372501
177.82794100389228 0.7016817134342764
188.36490894898 0.6891770303313023
199.52623149688807 0.6760872003131407
211.34890398366477 0.662475431567587
223.872113856834 0.6484200931528437
237.13737056616552 0.6336665542822256
251.18864315095797 0.6172790236088685
266.0725059798811 0.6008914929355111
281.8382931264455 0.5839416728855177
298.538261891796 0.5653905568401957
316.22776601683796 0.5476019290043831
334.9654391578276 0.5329504455459839
354.81338923357566 0.5204297157355109
375.8374042884443 0.507908985925038
398.1071705534973 0.49538825611456505
421.6965034285823 0.48286752630409213
446.683592150963 0.47034679649361916
473.1512589614808 0.45789743965388735
501.18723362727246 0.44573357469712116
530.8844442309885 0.4352187975946485
562.341325190349 0.4247040204921756
595.6621435290103 0.414189243389703
630.9573444801937 0.40367446628723014
668.3439175686149 0.39310915641637034
707.945784384138 0.3823417154719616
749.8942093324558 0.37091122910446905
794.3282347242813 0.3594807427369766
841.3951416451956 0.3480502563694839
891.2509381337459 0.3366197700019913
944.0608762859235 0.3265160158944368
1000. 0.3217191908266329
1059.2537251772887 0.31670846130879604
1122.018454301964 0.31247013446375993
1188.502227437019 0.31038458819332343
1258.9254117941675 0.30960549519381975
1333.521432163324 0.30882640219431606
1412.537544622754 0.30804730919481244
1496.2356560944343 0.30728232410359474
1584.893192461114 0.3065638101060553
1678.8040181225606 0.3057694077823247
1778.2794100389228 0.3048117233335509
1883.6490894898002 0.303694782405151
1995.262314968881 0.302570483910063
2113.489039836648 0.3001618486849353
2238.72113856834 0.2969984169188924
2371.373705661655 0.29350327596237896
2511.886431509582 0.29083394088943093
2660.7250597988113 0.28964881716998836
2818.382931264455 0.2888736633422078
2985.3826189179604 0.2880985095144273
3162.2776601683795 0.2873828192161605
3349.6543915782795 0.2867487924472171
3548.1338923357566 0.2861592974429038
3758.374042884443 0.2856676556157006
3981.0717055349733 0.2855674264969375
4216.965034285822 0.28603424026844027
4466.835921509635 0.2865010540399431
4731.512589614807 0.2869678678114458
5011.872336272725 0.28743468158294855
5308.8444423098845 0.28790149535445125
5623.413251903491 0.288368309125954
5956.62143529011 0.2888351228974569
6309.573444801937 0.28930193666895954
6683.439175686149 0.28976370115403544
7079.457843841381 0.29022194692211845
7498.942093324558 0.2906799639011391
7943.282347242822 0.29113798088015985
8413.951416451957 0.29120950557332953
8912.509381337459 0.29107976204811714
9440.608762859236 0.291047974439848
10000. 0.2911135725652215
10592.537251772897 0.29116393583733136
11220.18454301963 0.29116213718068495
11885.022274370189 0.29116033852403855
12589.254117941688 0.29115853986739215
13335.21432163324 0.29115674121074575
14125.375446227554 0.29115494255409935
14962.356560944329 0.2911226886311529
15848.93192461114 0.29096861364300636
16788.040181225624 0.2907667151793406
17782.794100389227 0.2905648167156749
18836.49089489802 0.29024122297608135
19952.62314968879 0.2898249978019476
21134.890398366475 0.28939152075193103
22387.211385683422 0.2889580437019145
23713.737056616552 0.288524566651898
25118.864315095823 0.28809108960188157
26607.250597988084 0.28765761255186495
28183.82931264455 0.2872241355018485
29853.826189179632 0.28679065845183194
31622.776601683792 0.28635718140181543
33496.54391578279 0.28591143865883956
35481.33892335753 0.2855017177835262
37583.74042884443 0.2851010203490131
39810.71705534977 0.2847003348970899
42169.65034285822 0.2842996494451666
44668.359215096345 0.2838989639932433
47315.12589614803 0.28349827854132004
50118.72336272725 0.28309759308939686
53088.4444230989 0.28269690763747357
56234.13251903491 0.2822962221855503
59566.214352901094 0.281895536733627
63095.7344480193 0.2814948512817038
66834.39175686149 0.2810941658297805
70794.57843841388 0.28069348037785724
74989.42093324558 0.2801610212047853
79432.82347242821 0.27949470663538806
84139.51416451948 0.27875938269265144
89125.0938133746 0.2780240587499148
94406.08762859246 0.27728873480717814
100000. 0.2765534108644416
105925.37251772897 0.2759232616851227
112201.84543019629 0.27542770431599756
118850.22274370189 0.27502885989874526
125892.54117941688 0.274630015481493
133352.1432163324 0.2742311710642408
141253.75446227554 0.2738091886617131
149623.5656094433 0.27337484062352
158489.3192461114 0.2729361051590959
167880.40181225623 0.2724980923157574
177827.94100389228 0.2720629699567613
188364.9089489802 0.27177503574775175
199526.2314968879 0.2714871015387423
211348.90398366476 0.2711991673297328
223872.11385683424 0.27091123312072324
237137.37056616554 0.2706232989117137
251188.6431509582 0.2703353647027042
266072.50597988087 0.27004743049369473
281838.2931264455 0.26975949628468515
298538.2618917963 0.2694715620756757
316227.7660168379 0.2691836278666661
334965.43915782793 0.26889569365765664
354813.3892335753 0.2686077594486472
375837.4042884443 0.2683198252396376
398107.17055349774 0.2680318910306281
421696.5034285823 0.26774395682161856
446683.5921509635 0.26745602261260903
473151.2589614803 0.267162568262846
501187.2336272725 0.2668470333500691
530884.444230989 0.26648838625948157
562341.3251903491 0.2661337929770733
595662.1435290109 0.26591974762944254
630957.3444801943 0.26600102682573856
668343.9175686149 0.26638575835519174
707945.7843841388 0.26677048988464475
749894.2093324559 0.26715522141409787
794328.2347242822 0.267539952943551
841395.1416451965 0.2679246844730041
891250.9381337459 0.26827743048818364
944060.8762859246 0.2685672311347659
1.e6 0.2687971633926002
1.0592537251772897e6 0.2690270956504343
1.1220184543019652e6 0.26925702790826855
1.1885022274370189e6 0.2694869601661028
1.2589254117941686e6 0.26971689242393704
1.333521432163324e6 0.2699468246817712
1.4125375446227554e6 0.27017675693960547
1.4962356560944358e6 0.2704066891974397
1.5848931924611141e6 0.2706366214552739
1.6788040181225624e6 0.2708665537131081
1.778279410038923e6 0.2710964859709424
1.883649089489802e6 0.2713264182287766
1.9952623149688828e6 0.27155635048661075
2.1134890398366475e6 0.27178628274444505
2.238721138568342e6 0.27201621500227924
2.3713737056616554e6 0.2722461472601134
2.5118864315095823e6 0.27247607951794767
2.660725059798814e6 0.2727060117757819
2.818382931264455e6 0.27293594403361615
2.9853826189179635e6 0.2731658762914504
3.1622776601683795e6 0.2733958599250279
3.3496543915782794e6 0.2736266708509461
3.5481338923357604e6 0.27385016156551845
3.7583740428844434e6 0.2740128498874464
3.9810717055349774e6 0.27397950770049184
4.216965034285823e6 0.2738722869343221
4.466835921509635e6 0.2737650661681523
4.731512589614812e6 0.2736578454019825
5.011872336272725e6 0.2735653816164348
5.30884444230989e6 0.2735115265552451
5.623413251903491e6 0.27352356450775483
5.956621435290109e6 0.27353560246026465
6.309573444801942e6 0.2735476404127744
6.683439175686149e6 0.2735596783652842
7.079457843841388e6 0.27357171631779403
7.498942093324558e6 0.27358375427030385
7.943282347242822e6 0.2735957922228136
8.413951416451965e6 0.2736078301753234
8.912509381337458e6 0.2736198681278331
9.440608762859246e6 0.27363190608034293
1.e7 0.27364452551415114
1.0592537251772897e7 0.27365875498458114
1.1220184543019652e7 0.27367593571370785
1.188502227437019e7 0.27369311644283456
1.2589254117941687e7 0.2737102971719612
1.333521432163324e7 0.27365901709203083
1.4125375446227554e7 0.27347268474546715
1.4962356560944358e7 0.2731522348080102
1.5848931924611142e7 0.2728317848705533
1.6788040181225624e7 0.2726565317992563
1.7782794100389227e7 0.2724820586743583
1.883649089489802e7 0.2723077805360601
1.995262314968883e7 0.2721335023977619
2.1134890398366477e7 0.27194770092305254
2.2387211385683425e7 0.2717158061026984
2.3713737056616552e7 0.27148048964362237
2.5118864315095823e7 0.2712451731845465
2.660725059798814e7 0.27100985672547057
2.818382931264455e7 0.2707752510169182
2.9853826189179633e7 0.27054265125125515
3.162277660168379e7 0.2703138107540083
3.3496543915782794e7 0.2700849702567614
3.5481338923357606e7 0.26985612975951456
3.758374042884443e7 0.26962728926226764
3.9810717055349775e7 0.2693984487650209
4.2169650342858225e7 0.269169608267774
4.466835921509635e7 0.26894076777052717
4.731512589614812e7 0.26871192727328025
5.011872336272725e7 0.2684830867760334
5.30884444230989e7 0.2682542462787865
5.623413251903491e7 0.26802540578153966
5.956621435290109e7 0.26779656528429285
6.309573444801943e7 0.267567724787046
6.6834391756861486e7 0.26733888428979913
7.079457843841387e7 0.26711004379255227
7.498942093324558e7 0.26688120329530535
7.943282347242822e7 0.2666523627980586
8.413951416451965e7 0.26642352230081173
8.91250938133746e7 0.26619468180356487
9.440608762859245e7 0.265965841306318
1.e8 0.26573700080907114