#Columns: M_EDO [M_sun], f_EDO
10. 2.5333194586594496
10.592537251772887 2.4888449376274075
11.220184543019636 2.444370416595365
11.885022274370183 2.399895895563323
12.589254117941675 2.3554213745312804
13.33521432163324 2.310946853499239
14.12537544622754 2.2664723324671963
14.962356560944336 2.2219978114351537
15.848931924611133 2.177523290403112
16.788040181225607 2.133048769371069
17.78279410038923 2.088574248339028
18.836490894898002 2.044099727306986
19.952623149688797 1.999625206274943
21.134890398366466 1.955150685242901
22.3872113856834 1.9106761642108587
23.71373705661655 1.8662016431788164
25.118864315095795 1.8217271221467746
26.6072505979881 1.777252601114732
28.183829312644534 1.7327780800826902
29.853826189179603 1.6883035590506477
31.622776601683793 1.6438290380186056
33.49654391578277 1.5993545169865633
35.48133892335755 1.5548799959545212
37.583740428844415 1.5104054749224793
39.810717055349734 1.465930953890437
42.169650342858226 1.421456432858395
44.668359215096324 1.3769819118263524
47.315125896148054 1.3325073907943106
50.11872336272722 1.2880328697622685
53.08844442309885 1.2435583487302262
56.23413251903491 1.199083827698184
59.56621435290106 1.1540941891165948
63.09573444801933 1.1070440803368182
66.83439175686145 1.0524178782249605
70.79457843841381 0.9977916761131025
74.98942093324558 0.9452731086344155
79.43282347242817 0.8934340842230502
84.13951416451951 0.8375084039154488
89.12509381337455 0.7695893801516489
94.40608762859236 0.6776316290955517
100. 0.6532593146920112
105.92537251772886 0.6448153286693508
112.20184543019641 0.6349165951065502
118.85022274370189 0.6219518255145048
125.89254117941675 0.6015792739172933
133.3521432163324 0.5695163588953784
141.2537544622754 0.542294871894305
149.62356560944343 0.5158405879649988
158.48931924611142 0.49306628780575196
167.88040181225605 0.47800635150230264
177.82794100389228 0.4699513522679195
188.36490894898 0.4618963530335362
199.52623149688807 0.45358963436154387
211.34890398366477 0.44448209461915156
223.872113856834 0.43475563245703386
237.13737056616552 0.4243594938446622
251.18864315095797 0.41204661910563667
266.0725059798811 0.3984007153105054
281.8382931264455 0.38451292497032596
298.538261891796 0.3699362865529754
316.22776601683796 0.3557544063589434
334.9654391578276 0.3430426711703938
354.81338923357566 0.331329460900227
375.8374042884443 0.3250948005272521
398.1071705534973 0.31899155489597564
421.6965034285823 0.3125895630415606
446.683592150963 0.3058560099250892
473.1512589614808 0.298990161998927
501.18723362727246 0.29225810277208936
530.8844442309885 0.2862988477202991
562.341325190349 0.28280790882786455
595.6621435290103 0.28040146933780485
630.9573444801937 0.27830664342276895
668.3439175686149 0.27619007924045513
707.945784384138 0.27398656198902915
749.8942093324558 0.2714978147950436
794.3282347242813 0.269009067601058
841.3951416451956 0.2665203204070724
891.2509381337459 0.2640315732130868
944.0608762859235 0.26215944630111754
1000. 0.2627538005172128
1059.2537251772887 0.26324184753917884
1122.018454301964 0.2637298945611449
1188.502227437019 0.2639866802543747
1258.9254117941675 0.2640813181050336
1333.521432163324 0.26416399552057246
1412.537544622754 0.26424667293611137
1496.2356560944343 0.26432935035165017
1584.893192461114 0.26441202776718903
1678.8040181225606 0.26449470518272783
1778.2794100389228 0.2645773825982667
1883.6490894898002 0.2646600600138055
1995.262314968881 0.26474273742934434
2113.489039836648 0.26482541484488314
2238.72113856834 0.26486012223370353
2371.373705661655 0.26485468498464626
2511.886431509582 0.2648304796481236
2660.7250597988113 0.264806274311601
2818.382931264455 0.2647820689750784
2985.3826189179604 0.2647578636385557
3162.2776601683795 0.2647336583020331
3349.6543915782795 0.2647094529655104
3548.1338923357566 0.2646852476289878
3758.374042884443 0.26474033223155147
3981.0717055349733 0.2651125765904605
4216.965034285822 0.2655514560063437
4466.835921509635 0.26599033542222705
4731.512589614807 0.26642921483811033
5011.872336272725 0.26686809425399355
5308.8444423098845 0.2673069736698769
5623.413251903491 0.2677458530857601
5956.62143529011 0.26818473250164343
6309.573444801937 0.2685886498453761
6683.439175686149 0.26898362614605803
7079.457843841381 0.26937846876339777
7498.942093324558 0.26977331138073757
7943.282347242822 0.27016815399807736
8413.951416451957 0.27038187657905793
8912.509381337459 0.27042903307479316
9440.608762859236 0.27043454804921707
10000. 0.270440063023641
10592.537251772897 0.2704455779980649
11220.18454301963 0.27045109297248876
11885.022274370189 0.2704566079469127
12589.254117941688 0.27046212292133665
13335.21432163324 0.27046763789576056
14125.375446227554 0.270554786759548
14962.356560944329 0.27076453761651736
15848.93192461114 0.27097489311003203
16788.040181225624 0.27118524860354665
17782.794100389227 0.2713956040970613
18836.49089489802 0.27155360852177407
19952.62314968879 0.27167176460754455
21134.890398366475 0.27178249925370357
22387.211385683422 0.27189323389986264
23713.737056616552 0.27200396854602166
25118.864315095823 0.2721147031921808
26607.250597988084 0.2722254378383398
28183.82931264455 0.27233617248449876
29853.826189179632 0.2724469071306578
31622.776601683792 0.2725576417768169
33496.54391578279 0.2726683764229759
35481.33892335753 0.272779111069135
37583.74042884443 0.272889845715294
39810.71705534977 0.27300058036145297
42169.65034285822 0.273111315007612
44668.359215096345 0.27322204965377106
47315.12589614803 0.2733327842999301
50118.72336272725 0.27344351894608915
53088.4444230989 0.27355425359224816
56234.13251903491 0.2736649882384072
59566.214352901094 0.27376827776213924
63095.7344480193 0.27384178679616317
66834.39175686149 0.27381613837217517
70794.57843841388 0.2738084566335399
74989.42093324558 0.2737435140758585
79432.82347242821 0.27361584350228424
84139.51416451948 0.2734558333952551
89125.0938133746 0.2732958232882259
94406.08762859246 0.27313581318119673
100000. 0.27297580307416747
105925.37251772897 0.2728157929671383
112201.84543019629 0.27265578286010916
118850.22274370189 0.27249577275307996
125892.54117941688 0.2723357626460508
133352.1432163324 0.2721757525390216
141253.75446227554 0.2720157424319923
149623.5656094433 0.2718557323249632
158489.3192461114 0.271695722217934
167880.40181225623 0.2715360229692013
177827.94100389228 0.27137756715365474
188364.9089489802 0.27128242897232224
199526.2314968879 0.2711872907909897
211348.90398366476 0.27109215260965724
223872.11385683424 0.27099701442832475
237137.37056616554 0.27090187624699225
251188.6431509582 0.27080673806565975
266072.50597988087 0.27071159988432725
281838.2931264455 0.2706164617029947
298538.2618917963 0.27041513939475487
316227.7660168379 0.2700979290510603
334965.43915782793 0.2697130707810905
354813.3892335753 0.26932821251112093
375837.4042884443 0.26894335424115123
398107.17055349774 0.26855849597118153
421696.5034285823 0.2681736377012119
446683.5921509635 0.26778877943124224
473151.2589614803 0.26740392116127254
501187.2336272725 0.2670190628913029
530884.444230989 0.26663420462133325
562341.3251903491 0.26624934635136355
595662.1435290109 0.2659298774604607
630957.3444801943 0.26574880510188725
668343.9175686149 0.26570839234428717
707945.7843841388 0.26566179631287323
749894.2093324559 0.2656106192637776
794328.2347242822 0.265559442214682
841395.1416451965 0.26550826516558634
891250.9381337459 0.2654433285367072
944060.8762859246 0.2653513139683019
1.e6 0.26523354512049246
1.0592537251772897e6 0.26511577627268307
1.1220184543019652e6 0.26499800742487356
1.1885022274370189e6 0.2648802385770641
1.2589254117941686e6 0.26476246972925466
1.333521432163324e6 0.2646447008814452
1.4125375446227554e6 0.2645269320336357
1.4962356560944358e6 0.26440916318582625
1.5848931924611141e6 0.26429139433801685
1.6788040181225624e6 0.2641736254902074
1.778279410038923e6 0.26405585664239795
1.883649089489802e6 0.26396324790723535
1.9952623149688828e6 0.2639712796226601
2.1134890398366475e6 0.26406231958533377
2.238721138568342e6 0.26415335954800745
2.3713737056616554e6 0.2642443995106811
2.5118864315095823e6 0.2643354394733548
2.660725059798814e6 0.2644264794360285
2.818382931264455e6 0.26451751939870216
2.9853826189179635e6 0.2646085593613758
3.1622776601683795e6 0.2646995993240495
3.3496543915782794e6 0.26479063928672314
3.5481338923357604e6 0.2648816792493969
3.7583740428844434e6 0.2649502081523988
3.9810717055349774e6 0.26492869281671383
4.216965034285823e6 0.26487255611485044
4.466835921509635e6 0.26481641941298695
4.731512589614812e6 0.2647602827111235
5.011872336272725e6 0.2647104941908305
5.30884444230989e6 0.264677314433448
5.623413251903491e6 0.2646724806382851
5.956621435290109e6 0.2646676468431223
6.309573444801942e6 0.26466281304795936
6.683439175686149e6 0.2646579792527965
7.079457843841388e6 0.26464328401054177
7.498942093324558e6 0.2646128252208033
7.943282347242822e6 0.2645784809236814
8.413951416451965e6 0.26454413662655935
8.912509381337458e6 0.26450979232943733
9.440608762859246e6 0.2644754480323154
1.e7 0.2644747908510359
1.0592537251772897e7 0.2645658726271726
1.1220184543019652e7 0.2648217875379186
1.188502227437019e7 0.2650777024486646
1.2589254117941687e7 0.2653336173594105
1.333521432163324e7 0.2655574498077645
1.4125375446227554e7 0.2657179933566023
1.4962356560944358e7 0.26581568601855754
1.5848931924611142e7 0.2659133786805128
1.6788040181225624e7 0.2660735323630148
1.7782794100389227e7 0.26623402156410847
1.883649089489802e7 0.26639459464485005
1.995262314968883e7 0.26655516772559157
2.1134890398366477e7 0.2667157408063331
2.2387211385683425e7 0.2668763138870748
2.3713737056616552e7 0.26703688696781624
2.5118864315095823e7 0.2671974600485579
2.660725059798814e7 0.2673580331292994
2.818382931264455e7 0.267518606210041
2.9853826189179633e7 0.2676791792907826
3.162277660168379e7 0.26783975237152413
3.3496543915782794e7 0.2680003254522657
3.5481338923357606e7 0.26816089853300734
3.758374042884443e7 0.26832147161374886
3.9810717055349775e7 0.26848204469449044
4.2169650342858225e7 0.2686317702260401
4.466835921509635e7 0.2687381055608222
4.731512589614812e7 0.26862403505179455
5.011872336272725e7 0.26853103565532466
5.30884444230989e7 0.2684598052233653
5.623413251903491e7 0.2683995755823201
5.956621435290109e7 0.2683393459412748
6.309573444801943e7 0.2682791163002296
6.6834391756861486e7 0.26821888665918425
7.079457843841387e7 0.268158657018139
7.498942093324558e7 0.2680984273770938
7.943282347242822e7 0.26803819773604853
8.413951416451965e7 0.2679779680950033
8.91250938133746e7 0.26791773845395805
9.440608762859245e7 0.2678575088129128
1.e8 0.2677972791718676