#Columns: M_EDO [M_sun], f_EDO
10. 3.051813570599233
10.592537251772887 3.017546878042297
11.220184543019636 2.9832801854853566
11.885022274370183 2.949013492928417
12.589254117941675 2.914746800371478
13.33521432163324 2.880480107814539
14.12537544622754 2.846213415257599
14.962356560944336 2.81194672270066
15.848931924611133 2.7776800301437232
16.788040181225607 2.743413337586781
17.78279410038923 2.7091466450298416
18.836490894898002 2.674879952472902
19.952623149688797 2.640613259915962
21.134890398366466 2.606346567359023
22.3872113856834 2.5720798748020837
23.71373705661655 2.537813182245144
25.118864315095795 2.5035464896882047
26.6072505979881 2.469279797131265
28.183829312644534 2.4350131045743257
29.853826189179603 2.4007464120173863
31.622776601683793 2.3664797194604468
33.49654391578277 2.332213026903507
35.48133892335755 2.297946334346568
37.583740428844415 2.2636796417896283
39.810717055349734 2.229412949232689
42.169650342858226 2.1951462566757494
44.668359215096324 2.1608795641188103
47.315125896148054 2.1266128715618704
50.11872336272722 2.0923461790049314
53.08844442309885 2.058079486447992
56.23413251903491 2.023812793891053
59.56621435290106 1.9895461013341125
63.09573444801933 1.9552794087771739
66.83439175686145 1.9210127162202342
70.79457843841381 1.8867460236632945
74.98942093324558 1.8524793311063554
79.43282347242817 1.8182126385494153
84.13951416451951 1.7839459459924765
89.12509381337455 1.749679253435536
94.40608762859236 1.6813908892625113
100. 1.646013225619254
105.92537251772886 1.6186772174733872
112.20184543019641 1.591217196237488
118.85022274370189 1.562115935167793
125.89254117941675 1.5264497147629141
133.3521432163324 1.4839524944484657
141.2537544622754 1.4476889604745062
149.62356560944343 1.4129473173671507
158.48931924611142 1.3812038304002416
167.88040181225605 1.3543038125307272
177.82794100389228 1.3286426113340495
188.36490894898 1.302981410137372
199.52623149688807 1.277069808566625
211.34890398366477 1.2509348551346826
223.872113856834 1.2246130560297144
237.13737056616552 1.198003214390916
251.18864315095797 1.1707192695842403
266.0725059798811 1.1434353247775642
281.8382931264455 1.1159107609629262
298.538261891796 1.0877009587819595
316.22776601683796 1.059790746237371
334.9654391578276 1.0331747623170375
354.81338923357566 1.0074378206181063
375.8374042884443 0.9817008789191755
398.1071705534973 0.9559639372202442
421.6965034285823 0.9302269955213135
446.683592150963 0.9044900538223826
473.1512589614808 0.8787825570359635
501.18723362727246 0.8531928398995945
530.8844442309885 0.8282834538057826
562.341325190349 0.8033740677119706
595.6621435290103 0.7784646816181588
630.9573444801937 0.7535552955243465
668.3439175686149 0.7286242850764135
707.945784384138 0.703606777211996
749.8942093324558 0.6783055340707521
794.3282347242813 0.6530042909295082
841.3951416451956 0.6277030477882639
891.2509381337459 0.6024018046470199
944.0608762859235 0.5774996627384456
1000. 0.5541939257605484
1059.2537251772887 0.5288184242798598
1122.018454301964 0.5068096510511619
1188.502227437019 0.4941843606042646
1258.9254117941675 0.487253603969902
1333.521432163324 0.48032284733553937
1412.537544622754 0.4733920907011767
1496.2356560944343 0.46652282724268646
1584.893192461114 0.45985612075285665
1678.8040181225606 0.4528052599686282
1778.2794100389228 0.4449430955961818
1883.6490894898002 0.43628962995096404
1995.262314968881 0.42759960659771123
2113.489039836648 0.413237437743612
2238.72113856834 0.3960236147751927
2371.373705661655 0.3776834616767614
2511.886431509582 0.3630243767440591
2660.7250597988113 0.3547470521297017
2818.382931264455 0.3482566933886232
2985.3826189179604 0.3417663346475447
3162.2776601683795 0.335571433690653
3349.6543915782795 0.3297822961591768
3548.1338923357566 0.32421442461394645
3758.374042884443 0.319054235559314
3981.0717055349733 0.3155247764670723
4216.965034285822 0.3142606598118298
4466.835921509635 0.3129965431565874
4731.512589614807 0.31173242650134503
5011.872336272725 0.3104683098461027
5308.8444423098845 0.30920419319086023
5623.413251903491 0.3079400765356179
5956.62143529011 0.30667595988037555
6309.573444801937 0.3054118432251331
6683.439175686149 0.3041226380662045
7079.457843841381 0.3028159493785586
7498.942093324558 0.3015081239015232
7943.282347242822 0.3002002984244877
8413.951416451957 0.2987330255904855
8912.509381337459 0.29779109848165297
9440.608762859236 0.2976267960937114
10000. 0.29788608375137166
10592.537251772897 0.2980696736490018
11220.18454301963 0.2979940853912942
11885.022274370189 0.2979184971335865
12589.254117941688 0.29784290887587883
13335.21432163324 0.2977673206181711
14125.375446227554 0.29769173236046353
14962.356560944329 0.2974648203321789
15848.93192461114 0.29663261322158674
16788.040181225624 0.29556278452639395
17782.794100389227 0.29449295583120116
18836.49089489802 0.29337105039797245
19952.62314968879 0.29220950543959645
21134.890398366475 0.2910405779315355
22387.211385683422 0.28987165042347446
23713.737056616552 0.28870272291541343
25118.864315095823 0.2875337954073524
26607.250597988084 0.2863648678992914
28183.82931264455 0.2851959403912304
29853.826189179632 0.28402701288316934
31622.776601683792 0.28285808537510837
33496.54391578279 0.28162821304098445
35481.33892335753 0.2805543733395102
37583.74042884443 0.27951962014028947
39810.71705534977 0.2784849191704627
42169.65034285822 0.277450218200636
44668.359215096345 0.27641551723080926
47315.12589614803 0.2753808162609825
50118.72336272725 0.27434611529115577
53088.4444230989 0.273311414321329
56234.13251903491 0.2722767133515023
59566.214352901094 0.2712420123816755
63095.7344480193 0.2702073114118488
66834.39175686149 0.269172610442022
70794.57843841388 0.2681379094721953
74989.42093324558 0.26704884526583317
79432.82347242821 0.2659045590280328
84139.51416451948 0.26473180297961096
89125.0938133746 0.26355904693118903
94406.08762859246 0.26238629088276705
100000. 0.26121353483434523
105925.37251772897 0.26049921175083146
112201.84543019629 0.2603715438742745
118850.22274370189 0.2606654258432448
125892.54117941688 0.26095930781221505
133352.1432163324 0.2612531897811853
141253.75446227554 0.26143210551932583
149623.5656094433 0.2615495798438194
158489.3192461114 0.2616452542643533
167880.40181225623 0.26174123791422
177827.94100389228 0.2618384584814177
188364.9089489802 0.26199866488492174
199526.2314968879 0.26215887128842574
211348.90398366476 0.26231907769192975
223872.11385683424 0.26247928409543375
237137.37056616554 0.2626394904989378
251188.6431509582 0.2627996969024418
266072.50597988087 0.2629599033059458
281838.2931264455 0.26312010970944977
298538.2618917963 0.26328031611295377
316227.7660168379 0.2634405225164579
334965.43915782793 0.2636007289199619
354813.3892335753 0.2637609353234659
375837.4042884443 0.26392114172696995
398107.17055349774 0.2640813481304739
421696.5034285823 0.2642415545339779
446683.5921509635 0.2644017609374819
473151.2589614803 0.2645379062981074
501187.2336272725 0.26457780748721893
530884.444230989 0.2644302615168138
562341.3251903491 0.2643028577948077
595662.1435290109 0.26423805457291416
630957.3444801943 0.26429508746444497
668343.9175686149 0.26447730958809923
707945.7843841388 0.2646595317117535
749894.2093324559 0.2648417538354078
794328.2347242822 0.26502397595906213
841395.1416451965 0.26520619808271634
891250.9381337459 0.2653747327297199
944060.8762859246 0.26551633133137553
1.e6 0.2656323106115441
1.0592537251772897e6 0.2657482898917126
1.1220184543019652e6 0.26586426917188105
1.1885022274370189e6 0.2659802484520496
1.2589254117941686e6 0.266096227732218
1.333521432163324e6 0.2662122070123865
1.4125375446227554e6 0.26632818629255495
1.4962356560944358e6 0.2664441655727235
1.5848931924611141e6 0.26656014485289203
1.6788040181225624e6 0.2666761241330605
1.778279410038923e6 0.266792103413229
1.883649089489802e6 0.26690808269339744
1.9952623149688828e6 0.267024061973566
2.1134890398366475e6 0.2671400412537345
2.238721138568342e6 0.26725602053390296
2.3713737056616554e6 0.26737199981407145
2.5118864315095823e6 0.2674879790942399
2.660725059798814e6 0.2676039583744084
2.818382931264455e6 0.2677199376545769
2.9853826189179635e6 0.2678359169347454
3.1622776601683795e6 0.2679521514867316
3.3496543915782794e6 0.26807249662488486
3.5481338923357604e6 0.2681612658017058
3.7583740428844434e6 0.26817457341795814
3.9810717055349774e6 0.26809167763278013
4.216965034285823e6 0.2679783032465444
4.466835921509635e6 0.26786492886030866
4.731512589614812e6 0.2677515544740729
5.011872336272725e6 0.26764449500358223
5.30884444230989e6 0.26755395726254216
5.623413251903491e6 0.2674916169448339
5.956621435290109e6 0.26742927662712573
6.309573444801942e6 0.26736693630941744
6.683439175686149e6 0.26730459599170925
7.079457843841388e6 0.267242255674001
7.498942093324558e6 0.2671799153562928
7.943282347242822e6 0.2671175750385846
8.413951416451965e6 0.26705523472087633
8.912509381337458e6 0.2669928944031681
9.440608762859246e6 0.2669305540854599
1.e7 0.2668711029870324
1.0592537251772897e7 0.2668196517139875
1.1220184543019652e7 0.2667828644267876
1.188502227437019e7 0.26674607713958765
1.2589254117941687e7 0.26670928985238773
1.333521432163324e7 0.2666442590647103
1.4125375446227554e7 0.2665235124768594
1.4962356560944358e7 0.2663474356892256
1.5848931924611142e7 0.26617135890159177
1.6788040181225624e7 0.26605741582543513
1.7782794100389227e7 0.26594380650968136
1.883649089489802e7 0.2658302806340282
1.995262314968883e7 0.2657167547583751
2.1134890398366477e7 0.2655530012700804
2.2387211385683425e7 0.26518833733121966
2.3713737056616552e7 0.26480875924439123
2.5118864315095823e7 0.26442918115756275
2.660725059798814e7 0.26404960307073433
2.818382931264455e7 0.2636735565061098
2.9853826189179633e7 0.26330747691529477
3.162277660168379e7 0.26296007608649563
3.3496543915782794e7 0.26261267525769644
3.5481338923357606e7 0.2622652744288972
3.758374042884443e7 0.26191787360009805
3.9810717055349775e7 0.26157047277129897
4.2169650342858225e7 0.2612230719424998
4.466835921509635e7 0.26087567111370064
4.731512589614812e7 0.26052827028490144
5.011872336272725e7 0.2601808694561022
5.30884444230989e7 0.25983346862730305
5.623413251903491e7 0.25948606779850397
5.956621435290109e7 0.2591386669697047
6.309573444801943e7 0.25879126614090564
6.6834391756861486e7 0.2584438653121065
7.079457843841387e7 0.25809646448330725
7.498942093324558e7 0.25774906365450806
7.943282347242822e7 0.257401662825709
8.413951416451965e7 0.25705426199690984
8.91250938133746e7 0.25670686116811064
9.440608762859245e7 0.2563594603393115
1.e8 0.2560120595105123