#Columns: M_EDO [M_sun], f_EDO
10. 3.378092253835746
10.592537251772887 3.3434382627882813
11.220184543019636 3.3087842717408122
11.885022274370183 3.2741302806933428
12.589254117941675 3.2394762896458738
13.33521432163324 3.2048222985984047
14.12537544622754 3.1701683075509353
14.962356560944336 3.135514316503466
15.848931924611133 3.1008603254560003
16.788040181225607 3.0662063344085277
17.78279410038923 3.0315523433610583
18.836490894898002 2.996898352313589
19.952623149688797 2.962244361266119
21.134890398366466 2.92759037021865
22.3872113856834 2.8929363791711813
23.71373705661655 2.858282388123712
25.118864315095795 2.8236283970762424
26.6072505979881 2.7889744060287733
28.183829312644534 2.754320414981304
29.853826189179603 2.719666423933835
31.622776601683793 2.6850124328863654
33.49654391578277 2.6503584418388955
35.48133892335755 2.6157044507914264
37.583740428844415 2.5810504597439574
39.810717055349734 2.5463964686964884
42.169650342858226 2.511742477649019
44.668359215096324 2.47708848660155
47.315125896148054 2.442434495554081
50.11872336272722 2.407780504506612
53.08844442309885 2.373126513459143
56.23413251903491 2.3384725224116734
59.56621435290106 2.3038185313642034
63.09573444801933 2.2691645403167344
66.83439175686145 2.2345105492692654
70.79457843841381 2.1998565582217955
74.98942093324558 2.1652025671743265
79.43282347242817 2.130548576126857
84.13951416451951 2.095894585079388
89.12509381337455 2.0612405940319185
94.40608762859236 2.0167874966072326
100. 1.9818123059029396
105.92537251772886 1.9491449119729076
112.20184543019641 1.9164363981056511
118.85022274370189 1.883251039516295
125.89254117941675 1.8481583020385384
133.3521432163324 1.8110784475803605
141.2537544622754 1.7757940532707022
149.62356560944343 1.7409464112377226
158.48931924611142 1.7069587914678939
167.88040181225605 1.6743625205274655
177.82794100389228 1.6421230602839363
188.36490894898 1.6098836000404066
199.52623149688807 1.577561112693367
211.34890398366477 1.5451645669182306
223.872113856834 1.51270953746815
237.13737056616552 1.4801715444452612
251.18864315095797 1.4474393925719264
266.0725059798811 1.414707240698591
281.8382931264455 1.3818953050016307
298.538261891796 1.3488561597528412
316.22776601683796 1.3158851548538648
334.9654391578276 1.2832869207025641
354.81338923357566 1.2509418730594037
375.8374042884443 1.218596825416244
398.1071705534973 1.1862517777730839
421.6965034285823 1.1539067301299242
446.683592150963 1.1215616824867642
473.1512589614808 1.0892251157270016
501.18723362727246 1.056922472500831
530.8844442309885 1.02481578191135
562.341325190349 0.9927090913218681
595.6621435290103 0.9606024007323868
630.9573444801937 0.9284957101429048
668.3439175686149 0.8963818494064348
707.945784384138 0.8642393080820132
749.8942093324558 0.8320026865538938
794.3282347242813 0.7997660650257741
841.3951416451956 0.7675294434976538
891.2509381337459 0.7352928219695343
944.0608762859235 0.7029914861604498
1000. 0.670431293227506
1059.2537251772887 0.6348734057653918
1122.018454301964 0.6039794093448629
1188.502227437019 0.5860842468097353
1258.9254117941675 0.5760776583579431
1333.521432163324 0.566071069906151
1412.537544622754 0.5560644814543589
1496.2356560944343 0.5461430788122323
1584.893192461114 0.5365022760762572
1678.8040181225606 0.5263231860617799
1778.2794100389228 0.5150087817274972
1883.6490894898002 0.5025870537238706
1995.262314968881 0.4901141679415353
2113.489039836648 0.46977523227295037
2238.72113856834 0.4455362137033429
2371.373705661655 0.4197735545339527
2511.886431509582 0.39911959467137315
2660.7250597988113 0.3872961696095584
2818.382931264455 0.37794820841183085
2985.3826189179604 0.3686002472141034
3162.2776601683795 0.35966574092789927
3349.6543915782795 0.3512990480151566
3548.1338923357566 0.34324198819946783
3758.374042884443 0.33574752553112064
3981.0717055349733 0.33050345145213955
4216.965034285822 0.32837386958352466
4466.835921509635 0.32624428771490965
4731.512589614807 0.32411470584629465
5011.872336272725 0.32198512397767975
5308.8444423098845 0.3198555421090648
5623.413251903491 0.31772596024044986
5956.62143529011 0.31559637837183485
6309.573444801937 0.31346679650321985
6683.439175686149 0.31130210652228896
7079.457843841381 0.3091129506067787
7498.942093324558 0.30692220390171526
7943.282347242822 0.3047314571966517
8413.951416451957 0.30249478559906345
8912.509381337459 0.3011467666984209
9440.608762859236 0.30091620692064314
10000. 0.3012723393444468
10592.537251772897 0.30152254255483707
11220.18454301963 0.30141005949659877
11885.022274370189 0.30129757643836047
12589.254117941688 0.30118509338012217
13335.21432163324 0.3010726103218839
14125.375446227554 0.3009601272636456
14962.356560944329 0.30063588618269194
15848.93192461114 0.29946461301087696
16788.040181225624 0.2979608191999206
17782.794100389227 0.29645702538896435
18836.49089489802 0.294935964108918
19952.62314968879 0.293401759258421
21134.890398366475 0.2918651065213377
22387.211385683422 0.2903284537842544
23713.737056616552 0.28879180104717117
25118.864315095823 0.2872551483100879
26607.250597988084 0.28571849557300466
28183.82931264455 0.2841818428359214
29853.826189179632 0.28264519009883804
31622.776601683792 0.2811085373617548
33496.54391578279 0.27948660023205696
35481.33892335753 0.27808070111750227
37583.74042884443 0.27672892003592764
39810.71705534977 0.2753772113071491
42169.65034285822 0.2740255025783706
44668.359215096345 0.27267379384959217
47315.12589614803 0.2713220851208137
50118.72336272725 0.2699703763920352
53088.4444230989 0.2686186676632567
56234.13251903491 0.26726695893447827
59566.214352901094 0.2659152502056998
63095.7344480193 0.2645635414769213
66834.39175686149 0.2632118327481428
70794.57843841388 0.26186012401936437
74989.42093324558 0.260492757296357
79432.82347242821 0.25910948522435523
84139.51416451948 0.25771801312309073
89125.0938133746 0.2563265410218261
94406.08762859246 0.25493506892056156
100000. 0.25354359681929706
105925.37251772897 0.25278718678368584
112201.84543019629 0.25284346365341304
118850.22274370189 0.25348370881549454
125892.54117941688 0.25412395397757603
133352.1432163324 0.25476419913965753
141253.75446227554 0.25524356394813213
149623.5656094433 0.2556369494539691
158489.3192461114 0.255999828816982
167880.40181225623 0.2563628107134513
177827.94100389228 0.25672620274374586
188364.9089489802 0.2571104794535066
199526.2314968879 0.25749475616326745
211348.90398366476 0.2578790328730282
223872.11385683424 0.25826330958278904
237137.37056616554 0.2586475862925498
251188.6431509582 0.2590318630023106
266072.50597988087 0.2594161397120714
281838.2931264455 0.25980041642183216
298538.2618917963 0.2601846931315929
316227.7660168379 0.2605689698413537
334965.43915782793 0.2609532465511145
354813.3892335753 0.26133752326087517
375837.4042884443 0.26172179997063605
398107.17055349774 0.26210607668039687
421696.5034285823 0.2624903533901576
446683.5921509635 0.26287463009991835
473151.2589614803 0.2632255753157381
501187.2336272725 0.2634431945557938
530884.444230989 0.26340119914548
562341.3251903491 0.2633873902036749
595662.1435290109 0.26339720804464994
630957.3444801943 0.2634421177837981
668343.9175686149 0.26352308520455303
707945.7843841388 0.26360405262530784
749894.2093324559 0.26368502004606276
794328.2347242822 0.2637659874668177
841395.1416451965 0.2638469548875725
891250.9381337459 0.263923383850488
944060.8762859246 0.2639908814296804
1.e6 0.26404988422101605
1.0592537251772897e6 0.2641088870123517
1.1220184543019652e6 0.26416788980368733
1.1885022274370189e6 0.26422689259502297
1.2589254117941686e6 0.26428589538635855
1.333521432163324e6 0.26434489817769413
1.4125375446227554e6 0.2644039009690297
1.4962356560944358e6 0.2644629037603654
1.5848931924611141e6 0.26452190655170105
1.6788040181225624e6 0.2645809093430367
1.778279410038923e6 0.2646399121343723
1.883649089489802e6 0.2646989149257079
1.9952623149688828e6 0.26475791771704354
2.1134890398366475e6 0.26481692050837924
2.238721138568342e6 0.26487592329971477
2.3713737056616554e6 0.26493492609105046
2.5118864315095823e6 0.26499392888238604
2.660725059798814e6 0.2650529316737217
2.818382931264455e6 0.2651119344650574
2.9853826189179635e6 0.26517093725639296
3.1622776601683795e6 0.2652302972675835
3.3496543915782794e6 0.26529540951185426
3.5481338923357604e6 0.26531681791979944
3.7583740428844434e6 0.26525543518321404
3.9810717055349774e6 0.26514776259892425
4.216965034285823e6 0.26503131140265557
4.466835921509635e6 0.2649148602063869
4.731512589614812e6 0.26479840901011814
5.011872336272725e6 0.2646840516971559
5.30884444230989e6 0.2645751726161907
5.623413251903491e6 0.2644756431633734
5.956621435290109e6 0.2643761137105562
6.309573444801942e6 0.264276584257739
6.683439175686149e6 0.2641770548049217
7.079457843841388e6 0.2640775253521045
7.498942093324558e6 0.2639779958992873
7.943282347242822e6 0.26387846644647006
8.413951416451965e6 0.26377893699365285
8.912509381337458e6 0.26367940754083563
9.440608762859246e6 0.2635798780880183
1.e7 0.2634843917234731
1.0592537251772897e7 0.26340010007869075
1.1220184543019652e7 0.26333632878332747
1.188502227437019e7 0.2632725574879642
1.2589254117941687e7 0.2632087861926009
1.333521432163324e7 0.26313688005105
1.4125375446227554e7 0.26304892634255556
1.4962356560944358e7 0.2629450361298332
1.5848931924611142e7 0.262841145917111
1.6788040181225624e7 0.26275785783852457
1.7782794100389227e7 0.26267468042734293
1.883649089489802e7 0.2625915306830123
1.995262314968883e7 0.2625083809386817
2.1134890398366477e7 0.26235565144359435
2.2387211385683425e7 0.2619246029454803
2.3713737056616552e7 0.2614728940447756
2.5118864315095823e7 0.2610211851440709
2.660725059798814e7 0.26056947624336624
2.818382931264455e7 0.2601227092507056
2.9853826189179633e7 0.25968988974731455
3.162277660168379e7 0.25928320875273925
3.3496543915782794e7 0.25887652775816394
3.5481338923357606e7 0.25846984676358853
3.758374042884443e7 0.2580631657690132
3.9810717055349775e7 0.257656484774438
4.2169650342858225e7 0.2572498037798627
4.466835921509635e7 0.2568431227852873
4.731512589614812e7 0.256436441790712
5.011872336272725e7 0.25602976079613665
5.30884444230989e7 0.2556230798015614
5.623413251903491e7 0.2552163988069861
5.956621435290109e7 0.2548097178124107
6.309573444801943e7 0.25440303681783544
6.6834391756861486e7 0.25399635582326013
7.079457843841387e7 0.2535896748286848
7.498942093324558e7 0.25318299383410947
7.943282347242822e7 0.25277631283953417
8.413951416451965e7 0.25236963184495886
8.91250938133746e7 0.2519629508503835
9.440608762859245e7 0.2515562698558082
1.e8 0.25114958886123295