#Columns: M_EDO [M_sun], f_EDO
10. 3.9010259934503115
10.592537251772887 3.8664177955237777
11.220184543019636 3.8318095975972386
11.885022274370183 3.7972013996707004
12.589254117941675 3.762593201744161
13.33521432163324 3.7279850038176234
14.12537544622754 3.6933768058910843
14.962356560944336 3.6587686079645456
15.848931924611133 3.6241604100380105
16.788040181225607 3.5895522121114687
17.78279410038923 3.5549440141849296
18.836490894898002 3.520335816258391
19.952623149688797 3.4857276183318513
21.134890398366466 3.451119420405313
22.3872113856834 3.4165112224787744
23.71373705661655 3.3819030245522352
25.118864315095795 3.3472948266256974
26.6072505979881 3.3126866286991588
28.183829312644534 3.2780784307726196
29.853826189179603 3.243470232846081
31.622776601683793 3.2088620349195422
33.49654391578277 3.174253836993003
35.48133892335755 3.139645639066465
37.583740428844415 3.105037441139926
39.810717055349734 3.0704292432133875
42.169650342858226 3.0358210452868484
44.668359215096324 3.0012128473603097
47.315125896148054 2.966604649433771
50.11872336272722 2.9319964515072328
53.08844442309885 2.897388253580694
56.23413251903491 2.862780055654156
59.56621435290106 2.8281718577276163
63.09573444801933 2.793563659801078
66.83439175686145 2.7589554618745393
70.79457843841381 2.724347263948
74.98942093324558 2.6897390660214615
79.43282347242817 2.6551308680949237
84.13951416451951 2.6205226701683846
89.12509381337455 2.5859144722418463
94.40608762859236 2.551306274315307
100. 2.516698076388769
105.92537251772886 2.48208987846223
112.20184543019641 2.4474816805356907
118.85022274370189 2.4128734826091525
125.89254117941675 2.3782652846826142
133.3521432163324 2.3436570867560755
141.2537544622754 2.309048888829537
149.62356560944343 2.2744406909029977
158.48931924611142 2.239832492976459
167.88040181225605 2.20522429504992
177.82794100389228 2.1706160971233817
188.36490894898 2.1360078991968434
199.52623149688807 2.101399701270304
211.34890398366477 2.066791503343765
223.872113856834 2.0321833054172274
237.13737056616552 1.9975751074906882
251.18864315095797 1.9629669095641495
266.0725059798811 1.9283587116376104
281.8382931264455 1.893750513711072
298.538261891796 1.8591423157845333
316.22776601683796 1.8245341178579948
334.9654391578276 1.7899259199314566
354.81338923357566 1.7553177220049174
375.8374042884443 1.7207095240783787
398.1071705534973 1.6861013261518398
421.6965034285823 1.6514931282253014
446.683592150963 1.616884930298763
473.1512589614808 1.5822767323722238
501.18723362727246 1.5476685344456849
530.8844442309885 1.5130603365191466
562.341325190349 1.4784521385926075
595.6621435290103 1.4438439406660692
630.9573444801937 1.4092357427395301
668.3439175686149 1.3746275448129914
707.945784384138 1.3400193468864532
749.8942093324558 1.3054111489599143
794.3282347242813 1.2708029510333758
841.3951416451956 1.2361947531068367
891.2509381337459 1.2015865551802978
944.0608762859235 1.1667635744871712
1000. 1.131081462727691
1059.2537251772887 1.092528397677408
1122.018454301964 1.0583915811127043
1188.502227437019 1.036563388387803
1258.9254117941675 1.0222049034751723
1333.521432163324 1.0078464185625418
1412.537544622754 0.9934879336499107
1496.2356560944343 0.9792101113641674
1584.893192461114 0.9651979897347093
1678.8040181225606 0.9506452244950278
1778.2794100389228 0.9349596984540403
1883.6490894898002 0.9181693393063877
1995.262314968881 0.9013279374427298
2113.489039836648 0.8769952547674981
2238.72113856834 0.8489845574722928
2371.373705661655 0.8195162353984806
2511.886431509582 0.7948390866144466
2660.7250597988113 0.7784728244065867
2818.382931264455 0.764450584270298
2985.3826189179604 0.7504283441340097
3162.2776601683795 0.7368186289775536
3349.6543915782795 0.7237754500839579
3548.1338923357566 0.7110412078689636
3758.374042884443 0.6988287711038353
3981.0717055349733 0.6887035561381684
4216.965034285822 0.681407897375702
4466.835921509635 0.6741122386132357
4731.512589614807 0.6668165798507697
5011.872336272725 0.6595209210883035
5308.8444423098845 0.6522252623258376
5623.413251903491 0.6449296035633714
5956.62143529011 0.6376339448009052
6309.573444801937 0.6303382860384392
6683.439175686149 0.623007598127881
7079.457843841381 0.6156524993108673
7498.942093324558 0.6082958132822611
7943.282347242822 0.6009391272536548
8413.951416451957 0.5935824412250489
8912.509381337459 0.5871072143712598
9440.608762859236 0.581700109975756
10000. 0.5768480284705277
10592.537251772897 0.5718902560050301
11220.18454301963 0.5665706130151258
11885.022274370189 0.5612509700252213
12589.254117941688 0.5559313270353164
13335.21432163324 0.5506116840454122
14125.375446227554 0.5452920410555075
14962.356560944329 0.5397611163233497
15848.93192461114 0.5333850646221766
16788.040181225624 0.5266772401783599
17782.794100389227 0.5199694157345434
18836.49089489802 0.5132615912907263
19952.62314968879 0.50655376684691
21134.890398366475 0.4998459424030931
22387.211385683422 0.4931381179592762
23713.737056616552 0.48643029351545974
25118.864315095823 0.47972246907164284
26607.250597988084 0.47301464462782633
28183.82931264455 0.46630682018400943
29853.826189179632 0.4595989957401926
31622.776601683792 0.4528911712963761
33496.54391578279 0.4460982542793117
35481.33892335753 0.43950933692455924
37583.74042884443 0.4329715222519125
39810.71705534977 0.4264337760902844
42169.65034285822 0.4198960299286566
44668.359215096345 0.41335828376702866
47315.12589614803 0.4068205376054007
50118.72336272725 0.40028279144377277
53088.4444230989 0.39374504528214466
56234.13251903491 0.387207299120517
59566.214352901094 0.3806695529588888
63095.7344480193 0.37413180679726116
66834.39175686149 0.36759406063563316
70794.57843841388 0.3610563144740051
74989.42093324558 0.35451856831237716
79432.82347242821 0.34848167036916833
84139.51416451948 0.3432645085206645
89125.0938133746 0.3383212017404643
94406.08762859246 0.3333778949602641
100000. 0.32843458818006416
105925.37251772897 0.3241414125413241
112201.84543019629 0.3208136971835652
118850.22274370189 0.31828404110581804
125892.54117941688 0.31575438502807085
133352.1432163324 0.3132247289503238
141253.75446227554 0.31053455436674354
149623.5656094433 0.3077318924339205
158489.3192461114 0.3047732919770619
167880.40181225623 0.30165086319118467
177827.94100389228 0.2985193213423087
188364.9089489802 0.29538777949343265
199526.2314968879 0.29225623764455666
211348.90398366476 0.28966825094259124
223872.11385683424 0.287973276187136
237137.37056616554 0.2869934052601401
251188.6431509582 0.2856900985555644
266072.50597988087 0.28394840300804114
281838.2931264455 0.28220670746051785
298538.2618917963 0.28065269075729943
316227.7660168379 0.27974764381824446
334965.43915782793 0.2796339524051504
354813.3892335753 0.2795425798881411
375837.4042884443 0.2794512073711319
398107.17055349774 0.27935983485412264
421696.5034285823 0.2792673027383484
446683.5921509635 0.2791707325014793
473151.2589614803 0.27903770301823616
501187.2336272725 0.27877842688100685
530884.444230989 0.27827359295817616
562341.3251903491 0.27781514850118144
595662.1435290109 0.27746593967793753
630957.3444801943 0.277031212900145
668343.9175686149 0.27636892861387397
707945.7843841388 0.27570007509014804
749894.2093324559 0.275031221566422
794328.2347242822 0.27436236804269615
841395.1416451965 0.27369351451897006
891250.9381337459 0.27302466099524414
944060.8762859246 0.2723746706303421
1.e6 0.2718001329007359
1.0592537251772897e6 0.27174692904410563
1.1220184543019652e6 0.27169372518747514
1.1885022274370189e6 0.2716405213308448
1.2589254117941686e6 0.27158153301843746
1.333521432163324e6 0.2715118527548857
1.4125375446227554e6 0.2714341114214188
1.4962356560944358e6 0.271356370087952
1.5848931924611141e6 0.2712786287544852
1.6788040181225624e6 0.27120088742101844
1.778279410038923e6 0.2711231460875515
1.883649089489802e6 0.2710454047540847
1.9952623149688828e6 0.27096766342061784
2.1134890398366475e6 0.270889922087151
2.238721138568342e6 0.27078572626304404
2.3713737056616554e6 0.27060144590570817
2.5118864315095823e6 0.27036344940497103
2.660725059798814e6 0.2701150957732979
2.818382931264455e6 0.26985372683601283
2.9853826189179635e6 0.2695923578987277
3.1622776601683795e6 0.2693313453778483
3.3496543915782794e6 0.26907607215228074
3.5481338923357604e6 0.2687796076380862
3.7583740428844434e6 0.26841015284877845
3.9810717055349774e6 0.268018485455621
4.216965034285823e6 0.26762681806246347
4.466835921509635e6 0.2672351506693059
4.731512589614812e6 0.2668434832761484
5.011872336272725e6 0.26645181588299094
5.30884444230989e6 0.26606014848983345
5.623413251903491e6 0.26566848109667596
5.956621435290109e6 0.26527681370351847
6.309573444801942e6 0.264885146310361
6.683439175686149e6 0.2645752224814416
7.079457843841388e6 0.2643295793359144
7.498942093324558e6 0.2640986136512371
7.943282347242822e6 0.26386764796655987
8.413951416451965e6 0.26363668228188253
8.912509381337458e6 0.26340571659720535
9.440608762859246e6 0.2631747509125281
1.e7 0.26294781922251725
1.0592537251772897e7 0.26273205707340597
1.1220184543019652e7 0.2625367691198946
1.188502227437019e7 0.26234148116638323
1.2589254117941687e7 0.2621461932128719
1.333521432163324e7 0.2619509052593605
1.4125375446227554e7 0.2617556173058492
1.4962356560944358e7 0.2615758546976368
1.5848931924611142e7 0.26145819347062055
1.6788040181225624e7 0.2613965477701842
1.7782794100389227e7 0.26133490206974785
1.883649089489802e7 0.26127325636931137
1.995262314968883e7 0.26121161066887505
2.1134890398366477e7 0.26108407975238923
2.2387211385683425e7 0.2606930079717053
2.3713737056616552e7 0.26028237281125144
2.5118864315095823e7 0.2598717376507975
2.660725059798814e7 0.25946110249034365
2.818382931264455e7 0.2590553981227268
2.9853826189179633e7 0.2586636098740612
3.162277660168379e7 0.2582979013441786
3.3496543915782794e7 0.257932192814296
3.5481338923357606e7 0.2575664842844135
3.758374042884443e7 0.257200775754531
3.9810717055349775e7 0.25683506722464844
4.2169650342858225e7 0.25646935869476595
4.466835921509635e7 0.25610365016488335
4.731512589614812e7 0.25573794163500085
5.011872336272725e7 0.25537223310511825
5.30884444230989e7 0.25500652457523576
5.623413251903491e7 0.2546408160453532
5.956621435290109e7 0.25427510751547067
6.309573444801943e7 0.2539093989855882
6.6834391756861486e7 0.25354369045570563
7.079457843841387e7 0.2531779819258231
7.498942093324558e7 0.2528122733959405
7.943282347242822e7 0.252446564866058
8.413951416451965e7 0.25208085633617544
8.91250938133746e7 0.25171514780629295
9.440608762859245e7 0.25134943927641046
1.e8 0.25098373074652786