#Columns: M_EDO [M_sun], f_EDO
10. 2.725534887362719
10.592537251772887 2.691655493296312
11.220184543019636 2.6577760992299018
11.885022274370183 2.623896705163492
12.589254117941675 2.5900173110970828
13.33521432163324 2.5561379170306733
14.12537544622754 2.522258522964264
14.962356560944336 2.488379128897854
15.848931924611133 2.4544997348314457
16.788040181225607 2.4206203407650344
17.78279410038923 2.3867409466986245
18.836490894898002 2.352861552632215
19.952623149688797 2.318982158565805
21.134890398366466 2.2851027644993955
22.3872113856834 2.251223370432986
23.71373705661655 2.2173439763665765
25.118864315095795 2.1834645823001666
26.6072505979881 2.149585188233757
28.183829312644534 2.1157057941673476
29.853826189179603 2.0818264001009377
31.622776601683793 2.047947006034528
33.49654391578277 2.0140676119681182
35.48133892335755 1.9801882179017087
37.583740428844415 1.9463088238352992
39.810717055349734 1.9124294297688893
42.169650342858226 1.8785500357024798
44.668359215096324 1.8446706416360703
47.315125896148054 1.8107912475696608
50.11872336272722 1.7769118535032513
53.08844442309885 1.7430324594368414
56.23413251903491 1.7091530653704319
59.56621435290106 1.675273671304022
63.09573444801933 1.6413942772376124
66.83439175686145 1.607514883171203
70.79457843841381 1.573635489104793
74.98942093324558 1.5397560950383835
79.43282347242817 1.5058767009719736
84.13951416451951 1.4719973069055645
89.12509381337455 1.4381179128391535
94.40608762859236 1.3459942819177904
100. 1.3102141453355678
105.92537251772886 1.288209522973867
112.20184543019641 1.265997994369325
118.85022274370189 1.2409808308192911
125.89254117941675 1.2047411274872903
133.3521432163324 1.1568265413165704
141.2537544622754 1.11958386767831
149.62356560944343 1.0849482234965788
158.48931924611142 1.0554488693325892
167.88040181225605 1.0342451045339887
177.82794100389228 1.015162162384163
188.36490894898 0.9960792202343369
199.52623149688807 0.9765785044398829
211.34890398366477 0.9567051433511348
223.872113856834 0.9365165745912791
237.13737056616552 0.9158348843365708
251.18864315095797 0.8939991465965544
266.0725059798811 0.8721634088565378
281.8382931264455 0.8499262169242219
298.538261891796 0.8265457578110776
316.22776601683796 0.8036963376208771
334.9654391578276 0.7830626039315107
354.81338923357566 0.7639337681768085
375.8374042884443 0.7448049324221067
398.1071705534973 0.7256760966674046
421.6965034285823 0.7065472609127027
446.683592150963 0.6874184251580009
473.1512589614808 0.6683399983449254
501.18723362727246 0.6494632072983579
530.8844442309885 0.6317511257002156
562.341325190349 0.6140390441020731
595.6621435290103 0.5963269625039309
630.9573444801937 0.5786148809057884
668.3439175686149 0.560866720746392
707.945784384138 0.5429742463419788
749.8942093324558 0.5246083815876106
794.3282347242813 0.5062425168332425
841.3951416451956 0.487876652078874
891.2509381337459 0.4695107873245056
944.0608762859235 0.4520078393164411
1000. 0.4379565582935906
1059.2537251772887 0.4227634427943279
1122.018454301964 0.4096398927574609
1188.502227437019 0.40228447439879406
1258.9254117941675 0.39842954958186083
1333.521432163324 0.39457462476492766
1412.537544622754 0.39071969994799455
1496.2356560944343 0.3869025756731406
1584.893192461114 0.383209965429456
1678.8040181225606 0.3792873338754765
1778.2794100389228 0.37487740946486636
1883.6490894898002 0.36999220617805756
1995.262314968881 0.3650850452538871
2113.489039836648 0.35669964321427367
2238.72113856834 0.3465110158470426
2371.373705661655 0.33559336881957025
2511.886431509582 0.326929158816745
2660.7250597988113 0.3221979346498451
2818.382931264455 0.3185651783654155
2985.3826189179604 0.314932422080986
3162.2776601683795 0.31147712645340675
3349.6543915782795 0.30826554430319697
3548.1338923357566 0.3051868610284252
3758.374042884443 0.3023609455875073
3981.0717055349733 0.3005461014820049
4216.965034285822 0.30014745004013504
4466.835921509635 0.29974879859826525
4731.512589614807 0.29935014715639535
5011.872336272725 0.2989514957145256
5308.8444423098845 0.29855284427265577
5623.413251903491 0.298154192830786
5956.62143529011 0.29775554138891613
6309.573444801937 0.29735688994704634
6683.439175686149 0.29694316961011996
7079.457843841381 0.2965189481503385
7498.942093324558 0.29609404390133115
7943.282347242822 0.2956691396523238
8413.951416451957 0.29497126558190745
8912.509381337459 0.2944354302648851
9440.608762859236 0.2943373852667797
10000. 0.29449982815829656
10592.537251772897 0.29461680474316654
11220.18454301963 0.29457811128598954
11885.022274370189 0.2945394178288125
12589.254117941688 0.2945007243716355
13335.21432163324 0.29446203091445844
14125.375446227554 0.29442333745728144
14962.356560944329 0.2942937544816659
15848.93192461114 0.2938006134322966
16788.040181225624 0.2931647498528673
17782.794100389227 0.29252888627343804
18836.49089489802 0.2918061366870269
19952.62314968879 0.2910172516207721
21134.890398366475 0.29021604934173323
22387.211385683422 0.2894148470626945
23713.737056616552 0.2886136447836557
25118.864315095823 0.28781244250461696
26607.250597988084 0.2870112402255782
28183.82931264455 0.2862100379465395
29853.826189179632 0.28540883566750064
31622.776601683792 0.2846076333884619
33496.54391578279 0.283769825849912
35481.33892335753 0.28302804556151817
37583.74042884443 0.2823103202446513
39810.71705534977 0.2815926270337763
42169.65034285822 0.2808749338229013
44668.359215096345 0.2801572406120263
47315.12589614803 0.2794395474011513
50118.72336272725 0.2787218541902763
53088.4444230989 0.2780041609794012
56234.13251903491 0.2772864677685263
59566.214352901094 0.2765687745576513
63095.7344480193 0.27585108134677633
66834.39175686149 0.27513338813590127
70794.57843841388 0.27441569492502627
74989.42093324558 0.2736049332353092
79432.82347242821 0.27269963283171045
84139.51416451948 0.27174559283613114
89125.0938133746 0.2707915528405519
94406.08762859246 0.2698375128449726
100000. 0.2688834728493934
105925.37251772897 0.2682112367179771
112201.84543019629 0.267899624095136
118850.22274370189 0.26784714287099504
125892.54117941688 0.26779466164685406
133352.1432163324 0.267742180422713
141253.75446227554 0.2676206470905194
149623.5656094433 0.2674622102336697
158489.3192461114 0.2672906797117246
167880.40181225623 0.2671196651149887
177827.94100389228 0.26695071421908956
188364.9089489802 0.26688685031633674
199526.2314968879 0.266822986413584
211348.90398366476 0.2667591225108313
223872.11385683424 0.2666952586080785
237137.37056616554 0.2666313947053257
251188.6431509582 0.266567530802573
266072.50597988087 0.26650366689982025
281838.2931264455 0.2664398029970675
298538.2618917963 0.26637593909431473
316227.7660168379 0.266312075191562
334965.43915782793 0.26624821128880927
354813.3892335753 0.26618434738605645
375837.4042884443 0.26612048348330375
398107.17055349774 0.266056619580551
421696.5034285823 0.26599275567779823
446683.5921509635 0.2659288917750454
473151.2589614803 0.2658502372804767
501187.2336272725 0.26571242041864396
530884.444230989 0.26545932388814775
562341.3251903491 0.2652183253859405
595662.1435290109 0.2650789011011783
630957.3444801943 0.26514805714509176
668343.9175686149 0.2654315339716455
707945.7843841388 0.26571501079819915
749894.2093324559 0.2659984876247528
794328.2347242822 0.26628196445130653
841395.1416451965 0.26656544127786025
891250.9381337459 0.2668260816089517
944060.8762859246 0.2670417812330707
1.e6 0.2672147370020721
1.0592537251772897e6 0.26738769277107344
1.1220184543019652e6 0.26756064854007483
1.1885022274370189e6 0.2677336043090762
1.2589254117941686e6 0.26790656007807756
1.333521432163324e6 0.26807951584707884
1.4125375446227554e6 0.26825247161608023
1.4962356560944358e6 0.26842542738508157
1.5848931924611141e6 0.26859838315408296
1.6788040181225624e6 0.26877133892308436
1.778279410038923e6 0.2689442946920857
1.883649089489802e6 0.26911725046108703
1.9952623149688828e6 0.26929020623008837
2.1134890398366475e6 0.26946316199908976
2.238721138568342e6 0.26963611776809115
2.3713737056616554e6 0.26980907353709244
2.5118864315095823e6 0.26998202930609383
2.660725059798814e6 0.27015498507509517
2.818382931264455e6 0.2703279408440966
2.9853826189179635e6 0.2705008966130979
3.1622776601683795e6 0.2706740057058798
3.3496543915782794e6 0.2708495837379155
3.5481338923357604e6 0.27100571368361215
3.7583740428844434e6 0.2710937116527023
3.9810717055349774e6 0.271035592666636
4.216965034285823e6 0.2709252950904333
4.466835921509635e6 0.27081499751423044
4.731512589614812e6 0.2707046999380277
5.011872336272725e6 0.2706049383100085
5.30884444230989e6 0.27053274190889365
5.623413251903491e6 0.2705075907262944
5.956621435290109e6 0.27048243954369516
6.309573444801942e6 0.27045728836109595
6.683439175686149e6 0.27043213717849673
7.079457843841388e6 0.2704069859958975
7.498942093324558e6 0.27038183481329836
7.943282347242822e6 0.2703566836306991
8.413951416451965e6 0.2703315324480999
8.912509381337458e6 0.2703063812655006
9.440608762859246e6 0.2702812300829014
1.e7 0.2702578142505918
1.0592537251772897e7 0.27023920334928436
1.1220184543019652e7 0.27022940007024776
1.188502227437019e7 0.2702195967912111
1.2589254117941687e7 0.27020979351217445
1.333521432163324e7 0.2701516380783706
1.4125375446227554e7 0.26999809861116325
1.4962356560944358e7 0.2697498352486179
1.5848931924611142e7 0.2695015718860726
1.6788040181225624e7 0.26935697381234575
1.7782794100389227e7 0.2692129325920199
1.883649089489802e7 0.26906903058504417
1.995262314968883e7 0.2689251285780685
2.1134890398366477e7 0.2687503510965665
2.2387211385683425e7 0.26845207171695906
2.3713737056616552e7 0.26814462444400683
2.5118864315095823e7 0.26783717717105465
2.660725059798814e7 0.2675297298981025
2.818382931264455e7 0.26722440376151396
2.9853826189179633e7 0.266925064083275
3.162277660168379e7 0.26663694342025196
3.3496543915782794e7 0.26634882275722893
3.5481338923357606e7 0.26606070209420596
3.758374042884443e7 0.2657725814311829
3.9810717055349775e7 0.2654844607681599
4.2169650342858225e7 0.26519634010513693
4.466835921509635e7 0.2649082194421139
4.731512589614812e7 0.2646200987790908
5.011872336272725e7 0.2643319781160678
5.30884444230989e7 0.2640438574530448
5.623413251903491e7 0.26375573679002184
5.956621435290109e7 0.26346761612699876
6.309573444801943e7 0.2631794954639758
6.6834391756861486e7 0.26289137480095276
7.079457843841387e7 0.26260325413792973
7.498942093324558e7 0.26231513347490676
7.943282347242822e7 0.26202701281188373
8.413951416451965e7 0.2617388921488607
8.91250938133746e7 0.2614507714858378
9.440608762859245e7 0.2611626508228147
1.e8 0.2608745301597918