#Columns: M_EDO [M_sun], f_EDO
10. 5.279575077528851
10.592537251772887 5.2449997763228335
11.220184543019636 5.210424475116813
11.885022274370183 5.175849173910796
12.589254117941675 5.141273872704776
13.33521432163324 5.106698571498756
14.12537544622754 5.072123270292736
14.962356560944336 5.0375479690867175
15.848931924611133 5.002972667880699
16.788040181225607 4.968397366674678
17.78279410038923 4.933822065468657
18.836490894898002 4.899246764262639
19.952623149688797 4.864671463056619
21.134890398366466 4.830096161850601
22.3872113856834 4.795520860644581
23.71373705661655 4.760945559438561
25.118864315095795 4.726370258232541
26.6072505979881 4.691794957026523
28.183829312644534 4.657219655820503
29.853826189179603 4.622644354614483
31.622776601683793 4.588069053408463
33.49654391578277 4.553493752202444
35.48133892335755 4.518918450996424
37.583740428844415 4.484343149790405
39.810717055349734 4.4497678485843855
42.169650342858226 4.415192547378366
44.668359215096324 4.3806172461723465
47.315125896148054 4.346041944966327
50.11872336272722 4.311466643760308
53.08844442309885 4.276891342554288
56.23413251903491 4.2423160413482695
59.56621435290106 4.207740740142249
63.09573444801933 4.1731654389362305
66.83439175686145 4.13859013773021
70.79457843841381 4.104014836524191
74.98942093324558 4.069439535318172
79.43282347242817 4.034864234112153
84.13951416451951 4.000288932906132
89.12509381337455 3.9657136317001136
94.40608762859236 3.9311383304940932
100. 3.896563029288074
105.92537251772886 3.8619877280820547
112.20184543019641 3.8274124268760352
118.85022274370189 3.7928371256700157
125.89254117941675 3.7582618244639967
133.3521432163324 3.7236865232579768
141.2537544622754 3.6891112220519577
149.62356560944343 3.654535920845938
158.48931924611142 3.6199606196399188
167.88040181225605 3.585385318433899
177.82794100389228 3.5508100172278794
188.36490894898 3.5162347160218603
199.52623149688807 3.48165941481584
211.34890398366477 3.4470841136098214
223.872113856834 3.4125088124038014
237.13737056616552 3.3779335111977815
251.18864315095797 3.343358209991763
266.0725059798811 3.3087829087857425
281.8382931264455 3.2742076075797235
298.538261891796 3.2396323063737045
316.22776601683796 3.205057005167685
334.9654391578276 3.1704817039616664
354.81338923357566 3.135906402755646
375.8374042884443 3.1013311015496265
398.1071705534973 3.0667558003436075
421.6965034285823 3.0321804991375876
446.683592150963 2.9976051979315685
473.1512589614808 2.963029896725548
501.18723362727246 2.928454595519529
530.8844442309885 2.89387929431351
562.341325190349 2.85930399310749
595.6621435290103 2.824728691901471
630.9573444801937 2.790153390695451
668.3439175686149 2.7555780894894317
707.945784384138 2.7210027882834122
749.8942093324558 2.686427487077393
794.3282347242813 2.651852185871374
841.3951416451956 2.617276884665354
891.2509381337459 2.5827015834593343
944.0608762859235 2.548037673642721
1000. 2.5130193293837317
1059.2537251772887 2.476816573608777
1122.018454301964 2.44243574074021
1188.502227437019 2.4131328295042462
1258.9254117941675 2.3869115455389505
1333.521432163324 2.3606902615736542
1412.537544622754 2.334468977608359
1496.2356560944343 2.3082809710023633
1584.893192461114 2.2822025791776723
1678.8040181225606 2.2558918097109646
1778.2794100389228 2.2290963009061255
1883.6490894898002 2.201828003787767
1995.262314968881 2.17453786409475
2113.489039836648 2.1441442523609657
2238.72113856834 2.1122332760341234
2371.373705661655 2.0797126818077425
2511.886431509582 2.049152957139743
2660.7250597988113 2.022006570083078
2818.382931264455 1.9958272091163671
2985.3826189179604 1.969647848149657
3162.2776601683795 1.943645017908106
3349.6543915782795 1.917884624033323
3548.1338923357566 1.8922564326155262
3758.374042884443 1.8668402173341074
3981.0717055349733 1.842271906598199
4216.965034285822 1.8188348525187579
4466.835921509635 1.7953977984393168
4731.512589614807 1.771960744359876
5011.872336272725 1.748523690280435
5308.8444423098845 1.7250866362009942
5623.413251903491 1.7016495821215534
5956.62143529011 1.6782125280421123
6309.573444801937 1.6547754739626714
6683.439175686149 1.6313234299523978
7079.457843841381 1.6078609398473933
7498.942093324558 1.5843977705311236
7943.282347242822 1.560934601214853
8413.951416451957 1.5374714318985834
8912.509381337459 1.5143719084837817
9440.608762859236 1.4917130388908684
10000. 1.4692829878762714
10592.537251772897 1.4468077088081714
11220.18454301963 1.424177575442247
11885.022274370189 1.4015474420763214
12589.254117941688 1.3789173087103959
13335.21432163324 1.3562871753444712
14125.375446227554 1.3336570419785456
14962.356560944329 1.3109364953746443
15848.93192461114 1.287854295818835
16788.040181225624 1.264630121629463
17782.794100389227 1.2414059474400918
18836.49089489802 1.2181817732507199
19952.62314968879 1.194957599061349
21134.890398366475 1.1717334248719773
22387.211385683422 1.1485092506826051
23713.737056616552 1.125285076493234
25118.864315095823 1.1020609023038621
26607.250597988084 1.078836728114491
28183.82931264455 1.055612553925119
29853.826189179632 1.0323883797357472
31622.776601683792 1.009164205546376
33496.54391578279 0.9859036179168603
35481.33892335753 0.9627270191846696
37583.74042884443 0.9395714600731309
39810.71705534977 0.9164159292258068
42169.65034285822 0.8932603983784836
44668.359215096345 0.8701048675311596
47315.12589614803 0.8469493366838361
50118.72336272725 0.8237938058365121
53088.4444230989 0.8006382749891878
56234.13251903491 0.7774827441418646
59566.214352901094 0.7543272132945404
63095.7344480193 0.7311716824472172
66834.39175686149 0.7080161515998931
70794.57843841388 0.6848606207525688
74989.42093324558 0.6617050899052455
79432.82347242821 0.6407326429677648
84139.51416451948 0.6233332399442992
89125.0938133746 0.6071275091178321
94406.08762859246 0.590921778291365
100000. 0.5747160474648986
105925.37251772897 0.5589710624613216
112201.84543019629 0.5443975430271184
118850.22274370189 0.5311204761240853
125892.54117941688 0.5178434092210522
133352.1432163324 0.5045663423180198
141253.75446227554 0.49122058515470773
149623.5656094433 0.47772173236989485
158489.3192461114 0.4636604045560605
167880.40181225623 0.44887996718456097
177827.94100389228 0.43405424953079796
188364.9089489802 0.41922853187703446
199526.2314968879 0.4044028142232715
211348.90398366476 0.3919956700515087
223872.11385683424 0.38366183521251085
237137.37056616554 0.3786176252245787
251188.6431509582 0.3719663525723226
266072.50597988087 0.36313684735955876
281838.2931264455 0.35430734214679466
298538.2618917963 0.34629588649505977
316227.7660168379 0.3411134929954916
334965.43915782793 0.3393843672641031
354813.3892335753 0.3377661379365545
375837.4042884443 0.33614790860900595
398107.17055349774 0.3345296792814574
421696.5034285823 0.33290568822929467
446683.5921509635 0.3312616328735036
473151.2589614803 0.3295802220255123
501187.2336272725 0.32784672813203497
530884.444230989 0.32601201143466213
562341.3251903491 0.324268948440417
595662.1435290109 0.32297438195774886
630957.3444801943 0.32121519755884687
668343.9175686149 0.31832534302011417
707945.7843841388 0.31540284776263977
749894.2093324559 0.3124803525051654
794328.2347242822 0.309557857247691
841395.1416451965 0.3066353619902165
891250.9381337459 0.3037128667327422
944060.8762859246 0.30087259171086606
1.e6 0.29836119763138313
1.0592537251772897e6 0.2981221797886412
1.1220184543019652e6 0.2978831619458993
1.1885022274370189e6 0.29764414410315737
1.2589254117941686e6 0.29737638490414897
1.333521432163324e6 0.2970555003656331
1.4125375446227554e6 0.296694562606685
1.4962356560944358e6 0.2963336248477368
1.5848931924611141e6 0.29597268708878877
1.6788040181225624e6 0.2956117493298406
1.778279410038923e6 0.29525081157089245
1.883649089489802e6 0.2948898738119443
1.9952623149688828e6 0.29452893605299607
2.1134890398366475e6 0.29416799829404794
2.238721138568342e6 0.2936756155090436
2.3713737056616554e6 0.2927853148922366
2.5118864315095823e6 0.2916310020951668
2.660725059798814e6 0.29043154491090106
2.818382931264455e6 0.2891753569582748
2.9853826189179635e6 0.28791916900564835
3.1622776601683795e6 0.2866631335733532
3.3496543915782794e6 0.2854095541425436
3.5481338923357604e6 0.2841390391730934
3.7583740428844434e6 0.28283841207236116
3.9810717055349774e6 0.2815286211639544
4.216965034285823e6 0.28021883025554756
4.466835921509635e6 0.27890903934714084
4.731512589614812e6 0.27759924843873407
5.011872336272725e6 0.2762894575303273
5.30884444230989e6 0.2749796666219205
5.623413251903491e6 0.2736698757135138
5.956621435290109e6 0.272360084805107
6.309573444801942e6 0.2710502938967002
6.683439175686149e6 0.270096804664647
7.079457843841388e6 0.2694235003678022
7.498942093324558e6 0.26881417179741657
7.943282347242822e6 0.26820484322703086
8.413951416451965e6 0.2675955146566451
8.912509381337458e6 0.26698618608625946
9.440608762859246e6 0.2663768575158737
1.e7 0.265769255202172
1.0592537251772897e7 0.26516643264060913
1.1220184543019652e7 0.26457237154749785
1.188502227437019e7 0.26397831045438663
1.2589254117941687e7 0.26338424936127547
1.333521432163324e7 0.26279018826816425
1.4125375446227554e7 0.262196127175053
1.4962356560944358e7 0.26166973754461376
1.5848931924611142e7 0.2614140337648622
1.6788040181225624e7 0.26140248897436286
1.7782794100389227e7 0.26139094418386344
1.883649089489802e7 0.261379399393364
1.995262314968883e7 0.2613678546028646
2.1134890398366477e7 0.26132912887254606
2.2387211385683425e7 0.26118167938295084
2.3713737056616552e7 0.26102615902283155
2.5118864315095823e7 0.26087063866271226
2.660725059798814e7 0.2607151183025929
2.818382931264455e7 0.2605617079636304
2.9853826189179633e7 0.26041425271269875
3.162277660168379e7 0.2602779576869506
3.3496543915782794e7 0.2601416626612024
3.5481338923357606e7 0.26000536763545423
3.758374042884443e7 0.25986907260970604
3.9810717055349775e7 0.2597327775839579
4.2169650342858225e7 0.2595964825582098
4.466835921509635e7 0.2594601875324616
4.731512589614812e7 0.2593238925067134
5.011872336272725e7 0.25918759748096526
5.30884444230989e7 0.2590513024552171
5.623413251903491e7 0.2589150074294689
5.956621435290109e7 0.25877871240372075
6.309573444801943e7 0.25864241737797256
6.6834391756861486e7 0.2585061223522244
7.079457843841387e7 0.2583698273264763
7.498942093324558e7 0.25823353230072804
7.943282347242822e7 0.2580972372749799
8.413951416451965e7 0.2579609422492318
8.91250938133746e7 0.2578246472234836
9.440608762859245e7 0.25768835219773545
1.e8 0.2575520571719873