#Columns: M_EDO [M_sun], f_EDO
10. 5.968849619568122
10.592537251772887 5.93429076672236
11.220184543019636 5.8997319138766
11.885022274370183 5.865173061030845
12.589254117941675 5.830614208185082
13.33521432163324 5.7960553553393215
14.12537544622754 5.7614965024935625
14.962356560944336 5.726937649647805
15.848931924611133 5.692378796802043
16.788040181225607 5.657819943956283
17.78279410038923 5.623261091110523
18.836490894898002 5.588702238264762
19.952623149688797 5.554143385419002
21.134890398366466 5.519584532573244
22.3872113856834 5.4850256797274834
23.71373705661655 5.450466826881723
25.118864315095795 5.415907974035964
26.6072505979881 5.381349121190205
28.183829312644534 5.346790268344444
29.853826189179603 5.312231415498684
31.622776601683793 5.277672562652924
33.49654391578277 5.243113709807165
35.48133892335755 5.208554856961404
37.583740428844415 5.1739960041156445
39.810717055349734 5.139437151269885
42.169650342858226 5.104878298424126
44.668359215096324 5.070319445578365
47.315125896148054 5.035760592732605
50.11872336272722 5.001201739886846
53.08844442309885 4.966642887041086
56.23413251903491 4.932084034195326
59.56621435290106 4.897525181349566
63.09573444801933 4.862966328503806
66.83439175686145 4.828407475658046
70.79457843841381 4.793848622812286
74.98942093324558 4.759289769966527
79.43282347242817 4.724730917120767
84.13951416451951 4.690172064275006
89.12509381337455 4.655613211429247
94.40608762859236 4.621054358583487
100. 4.586495505737727
105.92537251772886 4.551936652891967
112.20184543019641 4.517377800046207
118.85022274370189 4.482818947200448
125.89254117941675 4.448260094354688
133.3521432163324 4.413701241508927
141.2537544622754 4.379142388663168
149.62356560944343 4.344583535817408
158.48931924611142 4.310024682971648
167.88040181225605 4.2754658301258885
177.82794100389228 4.240906977280128
188.36490894898 4.206348124434369
199.52623149688807 4.171789271588609
211.34890398366477 4.137230418742849
223.872113856834 4.102671565897089
237.13737056616552 4.068112713051328
251.18864315095797 4.033553860205569
266.0725059798811 3.9989950073598095
281.8382931264455 3.964436154514049
298.538261891796 3.9298773016682897
316.22776601683796 3.8953184488225303
334.9654391578276 3.860759595976771
354.81338923357566 3.82620074313101
375.8374042884443 3.791641890285251
398.1071705534973 3.757083037439491
421.6965034285823 3.7225241845937314
446.683592150963 3.6879653317479715
473.1512589614808 3.6534064789022107
501.18723362727246 3.618847626056451
530.8844442309885 3.5842887732106914
562.341325190349 3.549729920364932
595.6621435290103 3.515171067519172
630.9573444801937 3.480612214673412
668.3439175686149 3.446053361827652
707.945784384138 3.4114945089818924
749.8942093324558 3.3769356561361326
794.3282347242813 3.342376803290373
841.3951416451956 3.307817950444612
891.2509381337459 3.2732590975988525
944.0608762859235 3.2386747232204964
1000. 3.203988262711752
1059.2537251772887 3.168960661574461
1122.018454301964 3.1344578205539637
1188.502227437019 3.1014175500624677
1258.9254117941675 3.069264866570839
1333.521432163324 3.0371121830792114
1412.537544622754 3.0049594995875832
1496.2356560944343 2.9728164008214613
1584.893192461114 2.9407048738991537
1678.8040181225606 2.9085151023189333
1778.2794100389228 2.8761646021321683
1883.6490894898002 2.843657336028457
1995.262314968881 2.8111428274207597
2113.489039836648 2.7777187511576997
2238.72113856834 2.743857635315039
2371.373705661655 2.709810905012374
2511.886431509582 2.676309892402391
2660.7250597988113 2.643773442921323
2818.382931264455 2.6115155215394017
2985.3826189179604 2.5792576001574807
3162.2776601683795 2.5470582123733827
3349.6543915782795 2.5149392110080058
3548.1338923357566 2.4828640449888075
3758.374042884443 2.4508459404492435
3981.0717055349733 2.419056081828214
4216.965034285822 2.387548330090286
4466.835921509635 2.3560405783523573
4731.512589614807 2.324532826614429
5011.872336272725 2.2930250748765006
5308.8444423098845 2.261517323138573
5623.413251903491 2.230009571400644
5956.62143529011 2.1985018196627157
6309.573444801937 2.1669940679247874
6683.439175686149 2.1354813458646564
7079.457843841381 2.1039651601156564
7498.942093324558 2.0724487491555545
7943.282347242822 2.040932338195452
8413.951416451957 2.0094159272353505
8912.509381337459 1.9780042555400426
9440.608762859236 1.9467195033484246
10000. 1.9155004675791434
10592.537251772897 1.884266435209742
11220.18454301963 1.8529810566558074
11885.022274370189 1.8216956781018716
12589.254117941688 1.7904102995479354
13335.21432163324 1.7591249209940008
14125.375446227554 1.727839542440065
14962.356560944329 1.6965241849002917
15848.93192461114 1.665088911417164
16788.040181225624 1.6336065623550144
17782.794100389227 1.6021242132928664
18836.49089489802 1.5706418642307167
19952.62314968879 1.5391595151685684
21134.890398366475 1.507677166106419
22387.211385683422 1.4761948170442696
23713.737056616552 1.4447124679821215
25118.864315095823 1.4132301189199719
26607.250597988084 1.3817477698578235
28183.82931264455 1.350265420795674
29853.826189179632 1.3187830717335245
31622.776601683792 1.2873007226713764
33496.54391578279 1.2558062997356345
35481.33892335753 1.2243358603147247
37583.74042884443 1.19287142898374
39810.71705534977 1.161407005793568
42169.65034285822 1.129942582603397
44668.359215096345 1.098478159413225
47315.12589614803 1.0670137362230538
50118.72336272725 1.0355493130328817
53088.4444230989 1.0040848898427093
56234.13251903491 0.9726204666525384
59566.214352901094 0.9411560434623663
63095.7344480193 0.9096916202721952
66834.39175686149 0.8782271970820231
70794.57843841388 0.8467627738918507
74989.42093324558 0.8152983507016798
79432.82347242821 0.7868581292670629
84139.51416451948 0.7633676056561164
89125.0938133746 0.7415306628065159
94406.08762859246 0.7196937199569154
100000. 0.6978567771073158
105925.37251772897 0.6763858874213202
112201.84543019629 0.656189465948895
118850.22274370189 0.6375386936332188
125892.54117941688 0.618887921317543
133352.1432163324 0.6002371490018676
141253.75446227554 0.5815636005486899
149623.5656094433 0.562716652337882
158489.3192461114 0.5431039608455599
167880.40181225623 0.5224945191812491
177827.94100389228 0.5018217136250427
188364.9089489802 0.48114890806883537
199526.2314968879 0.4604761025126289
211348.90398366476 0.4431593796059674
223872.11385683424 0.4315061147251984
237137.37056616554 0.42442973520679794
251188.6431509582 0.41510447958070174
266072.50597988087 0.4027310695353176
281838.2931264455 0.390357659489933
298538.2618917963 0.37911748436393994
316227.7660168379 0.37179641758411514
334965.43915782793 0.3692595746935794
354813.3892335753 0.3668779169607612
375837.4042884443 0.36449625922794304
398107.17055349774 0.36211460149512475
421696.5034285823 0.35972488097476785
446683.5921509635 0.35730708305951575
473151.2589614803 0.35485148152915047
501187.2336272725 0.352380878757549
530884.444230989 0.34988122067290517
562341.3251903491 0.3474958484100348
595662.1435290109 0.3457286030976544
630957.3444801943 0.34330718988819775
668343.9175686149 0.3393035502232342
707945.7843841388 0.33525423409888555
749894.2093324559 0.33120491797453705
794328.2347242822 0.3271556018501885
841395.1416451965 0.3231062857258398
891250.9381337459 0.3190569696014912
944060.8762859246 0.315121552251128
1.e6 0.3116417299967068
1.0592537251772897e6 0.311309805160909
1.1220184543019652e6 0.31097788032511137
1.1885022274370189e6 0.3106459554893136
1.2589254117941686e6 0.3102738108470048
1.333521432163324e6 0.3098273241710068
1.4125375446227554e6 0.309324788199318
1.4962356560944358e6 0.30882225222762916
1.5848931924611141e6 0.3083197162559405
1.6788040181225624e6 0.30781718028425165
1.778279410038923e6 0.30731464431256283
1.883649089489802e6 0.3068121083408741
1.9952623149688828e6 0.30630957236918527
2.1134890398366475e6 0.3058070363974964
2.238721138568342e6 0.3051205601320434
2.3713737056616554e6 0.30387724938550087
2.5118864315095823e6 0.30226477844026467
2.660725059798814e6 0.30058976947970273
2.818382931264455e6 0.29883617201940577
2.9853826189179635e6 0.29708257455910864
3.1622776601683795e6 0.2953290276711057
3.3496543915782794e6 0.293576295137675
3.5481338923357604e6 0.291818754940597
3.7583740428844434e6 0.2900525416841525
3.9810717055349774e6 0.28828368901812107
4.216965034285823e6 0.28651483635208963
4.466835921509635e6 0.28474598368605825
4.731512589614812e6 0.2829771310200268
5.011872336272725e6 0.2812082783539955
5.30884444230989e6 0.2794394256879641
5.623413251903491e6 0.27767057302193265
5.956621435290109e6 0.2759017203559012
6.309573444801942e6 0.27413286768986983
6.683439175686149e6 0.27285759575624974
7.079457843841388e6 0.2719704608837462
7.498942093324558e6 0.2711719508705063
7.943282347242822e6 0.2703734408572663
8.413951416451965e6 0.26957493084402634
8.912509381337458e6 0.2687764208307865
9.440608762859246e6 0.2679779108175465
1.e7 0.2671799731919993
1.0592537251772897e7 0.2663836204242107
1.1220184543019652e7 0.2655901727612995
1.188502227437019e7 0.26479672509838836
1.2589254117941687e7 0.26400327743547725
1.333521432163324e7 0.2632098297725661
1.4125375446227554e7 0.26241638210965496
1.4962356560944358e7 0.26171667896810225
1.5848931924611142e7 0.261391953911983
1.6788040181225624e7 0.26140545957645217
1.7782794100389227e7 0.26141896524092123
1.883649089489802e7 0.2614324709053903
1.995262314968883e7 0.26144597656985935
2.1134890398366477e7 0.26145165343262455
2.2387211385683425e7 0.26142601508857366
2.3713737056616552e7 0.26139805212862166
2.5118864315095823e7 0.2613700891686696
2.660725059798814e7 0.2613421262087176
2.818382931264455e7 0.2613148628840821
2.9853826189179633e7 0.2612895741320176
3.162277660168379e7 0.2612679858583366
3.3496543915782794e7 0.2612463975846556
3.5481338923357606e7 0.26122480931097464
3.758374042884443e7 0.2612032210372936
3.9810717055349775e7 0.2611816327636126
4.2169650342858225e7 0.2611600444899317
4.466835921509635e7 0.26113845621625065
4.731512589614812e7 0.26111686794256966
5.011872336272725e7 0.2610952796688888
5.30884444230989e7 0.26107369139520775
5.623413251903491e7 0.26105210312152677
5.956621435290109e7 0.2610305148478458
6.309573444801943e7 0.2610089265741648
6.6834391756861486e7 0.2609873383004838
7.079457843841387e7 0.26096575002680283
7.498942093324558e7 0.26094416175312185
7.943282347242822e7 0.26092257347944087
8.413951416451965e7 0.2609009852057599
8.91250938133746e7 0.26087939693207896
9.440608762859245e7 0.2608578086583979
1.e8 0.260836220384717