#Columns: M_EDO [M_sun], f_EDO
10. 6.6581241616073905
10.592537251772887 6.6235817571218885
11.220184543019636 6.589039352636388
11.885022274370183 6.5544969481508915
12.589254117941675 6.51995454366539
13.33521432163324 6.485412139179887
14.12537544622754 6.450869734694388
14.962356560944336 6.41632733020889
15.848931924611133 6.381784925723387
16.788040181225607 6.347242521237887
17.78279410038923 6.312700116752387
18.836490894898002 6.2781577122668875
19.952623149688797 6.243615307781387
21.134890398366466 6.209072903295887
22.3872113856834 6.174530498810387
23.71373705661655 6.1399880943248855
25.118864315095795 6.105445689839386
26.6072505979881 6.070903285353886
28.183829312644534 6.0363608808683855
29.853826189179603 6.001818476382885
31.622776601683793 5.967276071897384
33.49654391578277 5.932733667411885
35.48133892335755 5.898191262926385
37.583740428844415 5.863648858440885
39.810717055349734 5.829106453955383
42.169650342858226 5.7945640494698845
44.668359215096324 5.760021644984384
47.315125896148054 5.725479240498883
50.11872336272722 5.690936836013384
53.08844442309885 5.6563944315278825
56.23413251903491 5.621852027042383
59.56621435290106 5.587309622556882
63.09573444801933 5.552767218071382
66.83439175686145 5.518224813585882
70.79457843841381 5.483682409100381
74.98942093324558 5.449140004614883
79.43282347242817 5.4145976001293805
84.13951416451951 5.38005519564388
89.12509381337455 5.34551279115838
94.40608762859236 5.31097038667288
100. 5.2764279821873785
105.92537251772886 5.24188557770188
112.20184543019641 5.20734317321638
118.85022274370189 5.1728007687308795
125.89254117941675 5.138258364245379
133.3521432163324 5.103715959759878
141.2537544622754 5.069173555274379
149.62356560944343 5.0346311507888775
158.48931924611142 5.000088746303378
167.88040181225605 4.965546341817878
177.82794100389228 4.931003937332377
188.36490894898 4.896461532846877
199.52623149688807 4.861919128361376
211.34890398366477 4.827376723875878
223.872113856834 4.7928343193903755
237.13737056616552 4.758291914904875
251.18864315095797 4.723749510419377
266.0725059798811 4.689207105933875
281.8382931264455 4.654664701448375
298.538261891796 4.620122296962875
316.22776601683796 4.585579892477376
334.9654391578276 4.551037487991875
354.81338923357566 4.516495083506374
375.8374042884443 4.481952679020875
398.1071705534973 4.4474102745353745
421.6965034285823 4.412867870049874
446.683592150963 4.378325465564375
473.1512589614808 4.343783061078873
501.18723362727246 4.3092406565933725
530.8844442309885 4.274698252107874
562.341325190349 4.240155847622374
595.6621435290103 4.2056134431368735
630.9573444801937 4.171071038651372
668.3439175686149 4.136528634165872
707.945784384138 4.101986229680373
749.8942093324558 4.0674438251948715
794.3282347242813 4.032901420709372
841.3951416451956 3.9983590162238705
891.2509381337459 3.9638166117383715
944.0608762859235 3.9293117727982714
1000. 3.894957196039773
1059.2537251772887 3.8611047495401456
1122.018454301964 3.826479900367717
1188.502227437019 3.789702270620689
1258.9254117941675 3.751618187602728
1333.521432163324 3.7135341045847676
1412.537544622754 3.6754500215668076
1496.2356560944343 3.6373518306405592
1584.893192461114 3.5992071686206355
1678.8040181225606 3.5611383949269015
1778.2794100389228 3.523232903358211
1883.6490894898002 3.4854866682691465
1995.262314968881 3.447747790746769
2113.489039836648 3.4112932499544337
2238.72113856834 3.375481994595954
2371.373705661655 3.3399091282170055
2511.886431509582 3.3034668276650394
2660.7250597988113 3.265540315759569
2818.382931264455 3.2272038339624363
2985.3826189179604 3.1888673521653046
3162.2776601683795 3.150471406838659
3349.6543915782795 3.111993797982688
3548.1338923357566 3.073471657362089
3758.374042884443 3.034851663564379
3981.0717055349733 2.9958402570582296
4216.965034285822 2.956261807661814
4466.835921509635 2.9166833582653977
4731.512589614807 2.8771049088689824
5011.872336272725 2.8375264594725667
5308.8444423098845 2.797948010076151
5623.413251903491 2.758369560679735
5956.62143529011 2.7187911112833194
6309.573444801937 2.6792126618869037
6683.439175686149 2.6396392617769147
7079.457843841381 2.600069380383919
7498.942093324558 2.560499727779986
7943.282347242822 2.520930075176051
8413.951416451957 2.4813604225721173
8912.509381337459 2.4416366025963034
9440.608762859236 2.4017259678059806
10000. 2.361717947282015
10592.537251772897 2.3217251616113126
11220.18454301963 2.2817845378693677
11885.022274370189 2.241843914127422
12589.254117941688 2.2019032903854754
13335.21432163324 2.16196266664353
14125.375446227554 2.122022042901584
14962.356560944329 2.082111874425939
15848.93192461114 2.042323527015493
16788.040181225624 2.002583003080566
17782.794100389227 1.9628424791456407
18836.49089489802 1.9231019552107134
19952.62314968879 1.8833614312757878
21134.890398366475 1.8436209073408611
22387.211385683422 1.803880383405934
23713.737056616552 1.7641398594710085
25118.864315095823 1.7243993355360814
26607.250597988084 1.6846588116011558
28183.82931264455 1.6449182876662287
29853.826189179632 1.605177763731302
31622.776601683792 1.5654372397963765
33496.54391578279 1.525708981554409
35481.33892335753 1.48594470144478
37583.74042884443 1.4461713978943491
39810.71705534977 1.4063980823613293
42169.65034285822 1.3666247668283105
44668.359215096345 1.3268514512952905
47315.12589614803 1.2870781357622714
50118.72336272725 1.2473048202292514
53088.4444230989 1.207531504696231
56234.13251903491 1.167758189163212
59566.214352901094 1.127984873630192
63095.7344480193 1.0882115580971732
66834.39175686149 1.048438242564153
70794.57843841388 1.0086649270311328
74989.42093324558 0.9688916114981136
79432.82347242821 0.9329836155663611
84139.51416451948 0.9034019713679338
89125.0938133746 0.8759338164951999
94406.08762859246 0.8484656616224661
100000. 0.820997506749733
105925.37251772897 0.7938007123813189
112201.84543019629 0.7679813888706716
118850.22274370189 0.7439569111423525
125892.54117941688 0.7199324334140337
133352.1432163324 0.6959079556857157
141253.75446227554 0.6719066159426721
149623.5656094433 0.6477115723058692
158489.3192461114 0.6225475171350591
167880.40181225623 0.5961090711779373
177827.94100389228 0.5695891777192874
188364.9089489802 0.5430692842606363
199526.2314968879 0.5165493908019864
211348.90398366476 0.49432308916042617
223872.11385683424 0.4793503942378857
237137.37056616554 0.47024184518901724
251188.6431509582 0.45824260658908084
266072.50597988087 0.4423252917110764
281838.2931264455 0.42640797683307136
298538.2618917963 0.41193908223282016
316227.7660168379 0.4024793421727388
334965.43915782793 0.39913478212305575
354813.3892335753 0.39598969598496797
375837.4042884443 0.3928446098468801
398107.17055349774 0.38969952370879213
421696.5034285823 0.386544073720241
446683.5921509635 0.38335253324552787
473151.2589614803 0.3801227410327886
501187.2336272725 0.37691502938306304
530884.444230989 0.37375042991114815
562341.3251903491 0.3707227483796525
595662.1435290109 0.36848282423756007
630957.3444801943 0.3653991822175487
668343.9175686149 0.3602817574263543
707945.7843841388 0.35510562043513144
749894.2093324559 0.34992948344390873
794328.2347242822 0.3447533464526859
841395.1416451965 0.339577209461463
891250.9381337459 0.33440107247024037
944060.8762859246 0.32937051279139
1.e6 0.32492226236203037
1.0592537251772897e6 0.3244974305331768
1.1220184543019652e6 0.32407259870432337
1.1885022274370189e6 0.3236477668754698
1.2589254117941686e6 0.3231712367898606
1.333521432163324e6 0.32259914797638056
1.4125375446227554e6 0.3219550137919511
1.4962356560944358e6 0.3213108796075216
1.5848931924611141e6 0.3206667454230922
1.6788040181225624e6 0.32002261123866277
1.778279410038923e6 0.31937847705423333
1.883649089489802e6 0.3187343428698039
1.9952623149688828e6 0.3180902086853744
2.1134890398366475e6 0.3174460745009449
2.238721138568342e6 0.3165655047550432
2.3713737056616554e6 0.3149691838787651
2.5118864315095823e6 0.3128985547853625
2.660725059798814e6 0.31074799404850434
2.818382931264455e6 0.30849698708053674
2.9853826189179635e6 0.30624598011256904
3.1622776601683795e6 0.30399492176885806
3.3496543915782794e6 0.30174303613280645
3.5481338923357604e6 0.2994984707081007
3.7583740428844434e6 0.2972666712959438
3.9810717055349774e6 0.29503875687228776
4.216965034285823e6 0.2928108424486317
4.466835921509635e6 0.29058292802497565
4.731512589614812e6 0.2883550136013196
5.011872336272725e6 0.28612709917766366
5.30884444230989e6 0.2838991847540076
5.623413251903491e6 0.28167127033035155
5.956621435290109e6 0.2794433559066955
6.309573444801942e6 0.27721544148303945
6.683439175686149e6 0.27561838684785245
7.079457843841388e6 0.27451742139969015
7.498942093324558e6 0.27352972994359603
7.943282347242822e6 0.2725420384875018
8.413951416451965e6 0.27155434703140763
8.912509381337458e6 0.27056665557531345
9.440608762859246e6 0.26957896411921933
1.e7 0.26859069118182666
1.0592537251772897e7 0.2676008082078123
1.1220184543019652e7 0.26660797397510116
1.188502227437019e7 0.26561513974239004
1.2589254117941687e7 0.2646223055096791
1.333521432163324e7 0.263629471276968
1.4125375446227554e7 0.2626366370442569
1.4962356560944358e7 0.2617636203915907
1.5848931924611142e7 0.26136987405910383
1.6788040181225624e7 0.2614084301785415
1.7782794100389227e7 0.2614469862979791
1.883649089489802e7 0.26148554241741656
1.995262314968883e7 0.26152409853685415
2.1134890398366477e7 0.261574177992703
2.2387211385683425e7 0.2616703507941964
2.3713737056616552e7 0.26176994523441177
2.5118864315095823e7 0.261869539674627
2.660725059798814e7 0.26196913411484224
2.818382931264455e7 0.2620680178045339
2.9853826189179633e7 0.2621648955513364
3.162277660168379e7 0.2622580140297225
3.3496543915782794e7 0.26235113250810876
3.5481338923357606e7 0.262444250986495
3.758374042884443e7 0.26253736946488115
3.9810717055349775e7 0.2626304879432674
4.2169650342858225e7 0.2627236064216536
4.466835921509635e7 0.26281672490003977
4.731512589614812e7 0.26290984337842593
5.011872336272725e7 0.2630029618568122
5.30884444230989e7 0.26309608033519843
5.623413251903491e7 0.26318919881358455
5.956621435290109e7 0.2632823172919708
6.309573444801943e7 0.263375435770357
6.6834391756861486e7 0.2634685542487432
7.079457843841387e7 0.2635616727271295
7.498942093324558e7 0.2636547912055156
7.943282347242822e7 0.26374790968390177
8.413951416451965e7 0.26384102816228805
8.91250938133746e7 0.26393414664067427
9.440608762859245e7 0.2640272651190604
1.e8 0.26412038359744666