#Columns: M_EDO [M_sun], f_EDO
10. 4.590300535489582
10.592537251772887 4.555708785923306
11.220184543019636 4.521117036357026
11.885022274370183 4.486525286790749
12.589254117941675 4.451933537224469
13.33521432163324 4.41734178765819
14.12537544622754 4.382750038091911
14.962356560944336 4.348158288525632
15.848931924611133 4.313566538959354
16.788040181225607 4.278974789393073
17.78279410038923 4.244383039826793
18.836490894898002 4.209791290260514
19.952623149688797 4.175199540694235
21.134890398366466 4.140607791127956
22.3872113856834 4.106016041561678
23.71373705661655 4.071424291995398
25.118864315095795 4.03683254242912
26.6072505979881 4.002240792862841
28.183829312644534 3.9676490432965608
29.853826189179603 3.933057293730282
31.622776601683793 3.8984655441640026
33.49654391578277 3.8638737945977235
35.48133892335755 3.8292820450314453
37.583740428844415 3.7946902954651653
39.810717055349734 3.7600985458988867
42.169650342858226 3.7255067963326076
44.668359215096324 3.6909150467663285
47.315125896148054 3.656323297200049
50.11872336272722 3.6217315476337704
53.08844442309885 3.5871397980674913
56.23413251903491 3.5525480485012126
59.56621435290106 3.5179562989349327
63.09573444801933 3.4833645493686536
66.83439175686145 3.448772799802375
70.79457843841381 3.4141810502360954
74.98942093324558 3.3795893006698168
79.43282347242817 3.3449975511035377
84.13951416451951 3.3104058015372586
89.12509381337455 3.2758140519709795
94.40608762859236 3.2412223024047
100. 3.206630552838421
105.92537251772886 3.1720388032721427
112.20184543019641 3.137447053705863
118.85022274370189 3.102855304139584
125.89254117941675 3.0682635545733055
133.3521432163324 3.033671805007026
141.2537544622754 2.999080055440747
149.62356560944343 2.9644883058744673
158.48931924611142 2.929896556308189
167.88040181225605 2.895304806741909
177.82794100389228 2.8607130571756305
188.36490894898 2.826121307609352
199.52623149688807 2.791529558043072
211.34890398366477 2.7569378084767933
223.872113856834 2.722346058910514
237.13737056616552 2.687754309344235
251.18864315095797 2.6531625597779565
266.0725059798811 2.618570810211677
281.8382931264455 2.583979060645398
298.538261891796 2.5493873110791188
316.22776601683796 2.51479556151284
334.9654391578276 2.480203811946561
354.81338923357566 2.4456120623802815
375.8374042884443 2.4110203128140024
398.1071705534973 2.376428563247724
421.6965034285823 2.3418368136814447
446.683592150963 2.307245064115166
473.1512589614808 2.272653314548886
501.18723362727246 2.238061564982607
530.8844442309885 2.2034698154163284
562.341325190349 2.168878065850049
595.6621435290103 2.13428631628377
630.9573444801937 2.099694566717491
668.3439175686149 2.065102817151212
707.945784384138 2.030511067584933
749.8942093324558 1.9959193180186539
794.3282347242813 1.9613275684523748
841.3951416451956 1.926735818886095
891.2509381337459 1.8921440693198162
944.0608762859235 1.8574006240649463
1000. 1.8220503960557117
1059.2537251772887 1.7846724856430924
1122.018454301964 1.7504136609264571
1188.502227437019 1.7248481089460246
1258.9254117941675 1.7045582245070614
1333.521432163324 1.6842683400680982
1412.537544622754 1.663978455629135
1496.2356560944343 1.6437455411832653
1584.893192461114 1.623700284456191
1678.8040181225606 1.6032685171029963
1778.2794100389228 1.5820279996800828
1883.6490894898002 1.5599986715470773
1995.262314968881 1.5379329007687397
2113.489039836648 1.5105697535642317
2238.72113856834 1.4806089167532082
2371.373705661655 1.4496144586031119
2511.886431509582 1.4219960218770948
2660.7250597988113 1.4002396972448323
2818.382931264455 1.3801388966933326
2985.3826189179604 1.3600380961418335
3162.2776601683795 1.3402318234428297
3349.6543915782795 1.3208300370586405
3548.1338923357566 1.301648820242245
3758.374042884443 1.2828344942189716
3981.0717055349733 1.2654877313681836
4216.965034285822 1.25012137494723
4466.835921509635 1.2347550185262761
4731.512589614807 1.219388662105323
5011.872336272725 1.2040223056843693
5308.8444423098845 1.188655949263416
5623.413251903491 1.1732895928424623
5956.62143529011 1.1579232364215086
6309.573444801937 1.1425568800005552
6683.439175686149 1.1271655140401393
7079.457843841381 1.1117567195791302
7498.942093324558 1.0963467919066925
7943.282347242822 1.0809368642342538
8413.951416451957 1.065526936561816
8912.509381337459 1.0507395614275206
9440.608762859236 1.0367065744333122
10000. 1.0230655081733997
10592.537251772897 1.0093489824066006
11220.18454301963 0.9953740942286864
11885.022274370189 0.9813992060507714
12589.254117941688 0.9674243178728561
13335.21432163324 0.9534494296949416
14125.375446227554 0.9394745415170267
14962.356560944329 0.925348805848997
15848.93192461114 0.9106196802205058
16788.040181225624 0.8956536809039115
17782.794100389227 0.8806876815873176
18836.49089489802 0.8657216822707231
19952.62314968879 0.8507556829541294
21134.890398366475 0.8357896836375351
22387.211385683422 0.8208236843209407
23713.737056616552 0.805857685004347
25118.864315095823 0.7908916856877525
26607.250597988084 0.7759256863711588
28183.82931264455 0.7609596870545643
29853.826189179632 0.7459936877379699
31622.776601683792 0.7310276884213762
33496.54391578279 0.716000936098086
35481.33892335753 0.7011181780546144
37583.74042884443 0.6862714911625216
39810.71705534977 0.6714248526580456
42169.65034285822 0.6565782141535701
44668.359215096345 0.6417315756490941
47315.12589614803 0.6268849371446185
50118.72336272725 0.6120382986401424
53088.4444230989 0.5971916601356663
56234.13251903491 0.5823450216311907
59566.214352901094 0.5674983831267146
63095.7344480193 0.5526517446222391
66834.39175686149 0.5378051061177631
70794.57843841388 0.5229584676132869
74989.42093324558 0.5081118291088114
79432.82347242821 0.4946071566684665
84139.51416451948 0.48329887423248186
89125.0938133746 0.4727243554291482
94406.08762859246 0.4621498366258146
100000. 0.4515753178224814
105925.37251772897 0.44155623750132283
112201.84543019629 0.4326056201053418
118850.22274370189 0.4247022586149517
125892.54117941688 0.4167988971245616
133352.1432163324 0.4088955356341718
141253.75446227554 0.4008775697607257
149623.5656094433 0.39272681240190765
158489.3192461114 0.3842168482665612
167880.40181225623 0.3752654151878728
177827.94100389228 0.36628678543655335
188364.9089489802 0.35730815568523355
199526.2314968879 0.3483295259339141
211348.90398366476 0.34083196049705
223872.11385683424 0.3358175556998234
237137.37056616554 0.33280551524235935
251188.6431509582 0.3288282255639435
266072.50597988087 0.32354262518379995
281838.2931264455 0.3182570248036562
298538.2618917963 0.3134742886261796
316227.7660168379 0.310430568406868
334965.43915782793 0.3095091598346267
354813.3892335753 0.3086543589123478
375837.4042884443 0.307799557990069
398107.17055349774 0.30694475706779006
421696.5034285823 0.30608649548382155
446683.5921509635 0.3052161826874914
473151.2589614803 0.3043089625218742
501187.2336272725 0.3033125775065209
530884.444230989 0.30214280219641915
562341.3251903491 0.30104204847079924
595662.1435290109 0.3002201608178432
630957.3444801943 0.2991232052294959
668343.9175686149 0.2973471358169941
707945.7843841388 0.2955514614263939
749894.2093324559 0.29375578703579375
794328.2347242822 0.2919601126451936
841395.1416451965 0.2901644382545933
891250.9381337459 0.2883687638639931
944060.8762859246 0.286623631170604
1.e6 0.2850806652660596
1.0592537251772897e6 0.2849345544163734
1.1220184543019652e6 0.2847884435666872
1.1885022274370189e6 0.28464233271700107
1.2589254117941686e6 0.28447895896129316
1.333521432163324e6 0.2842836765602594
1.4125375446227554e6 0.28406433701405187
1.4962356560944358e6 0.2838449974678444
1.5848931924611141e6 0.28362565792163696
1.6788040181225624e6 0.28340631837542946
1.778279410038923e6 0.283186978829222
1.883649089489802e6 0.2829676392830145
1.9952623149688828e6 0.282748299736807
2.1134890398366475e6 0.28252896019059953
2.238721138568342e6 0.2822306708860438
2.3713737056616554e6 0.2816933803989724
2.5118864315095823e6 0.28099722575006886
2.660725059798814e6 0.2802733203420995
2.818382931264455e6 0.27951454189714375
2.9853826189179635e6 0.278755763452188
3.1622776601683795e6 0.2779972394756008
3.3496543915782794e6 0.27724281314741217
3.5481338923357604e6 0.2764593234055898
3.7583740428844434e6 0.2756242824605698
3.9810717055349774e6 0.27477355330978764
4.216965034285823e6 0.2739228241590055
4.466835921509635e6 0.2730720950082234
4.731512589614812e6 0.2722213658574412
5.011872336272725e6 0.2713706367066592
5.30884444230989e6 0.270519907555877
5.623413251903491e6 0.26966917840509486
5.956621435290109e6 0.26881844925431275
6.309573444801942e6 0.2679677201035306
6.683439175686149e6 0.2673360135730444
7.079457843841388e6 0.26687653985185833
7.498942093324558e6 0.2664563927243268
7.943282347242822e6 0.26603624559679534
8.413951416451965e6 0.2656160984692638
8.912509381337458e6 0.2651959513417324
9.440608762859246e6 0.26477580421420094
1.e7 0.2643585372123446
1.0592537251772897e7 0.26394924485700755
1.1220184543019652e7 0.2635545703336962
1.188502227437019e7 0.2631598958103849
1.2589254117941687e7 0.2627652212870737
1.333521432163324e7 0.26237054676376237
1.4125375446227554e7 0.26197587224045105
1.4962356560944358e7 0.26162279612112527
1.5848931924611142e7 0.26143611361774133
1.6788040181225624e7 0.2613995183722735
1.7782794100389227e7 0.26136292312680565
1.883649089489802e7 0.2613263278813377
1.995262314968883e7 0.26128973263586985
2.1134890398366477e7 0.2612066043124676
2.2387211385683425e7 0.260937343677328
2.3713737056616552e7 0.2606542659170415
2.5118864315095823e7 0.26037118815675486
2.660725059798814e7 0.26008811039646834
2.818382931264455e7 0.25980855304317857
2.9853826189179633e7 0.25953893129338
3.162277660168379e7 0.2592879295155646
3.3496543915782794e7 0.2590369277377493
3.5481338923357606e7 0.2587859259599339
3.758374042884443e7 0.2585349241821185
3.9810717055349775e7 0.25828392240430315
4.2169650342858225e7 0.25803292062648786
4.466835921509635e7 0.25778191884867246
4.731512589614812e7 0.2575309170708571
5.011872336272725e7 0.2572799152930418
5.30884444230989e7 0.2570289135152264
5.623413251903491e7 0.25677791173741105
5.956621435290109e7 0.2565269099595957
6.309573444801943e7 0.25627590818178037
6.6834391756861486e7 0.256024906403965
7.079457843841387e7 0.25577390462614963
7.498942093324558e7 0.25552290284833434
7.943282347242822e7 0.255271901070519
8.413951416451965e7 0.2550208992927036
8.91250938133746e7 0.25476989751488827
9.440608762859245e7 0.2545188957370729
1.e8 0.25426789395925764