#Columns: M_EDO [M_sun], f_EDO
10. 8.03667324568593
10.592537251772887 8.002163737920943
11.220184543019636 7.967654230155962
11.885022274370183 7.9331447223909874
12.589254117941675 7.898635214626004
13.33521432163324 7.864125706861021
14.12537544622754 7.82961619909604
14.962356560944336 7.795106691331062
15.848931924611133 7.760597183566076
16.788040181225607 7.7260876758010975
17.78279410038923 7.691578168036115
18.836490894898002 7.657068660271135
19.952623149688797 7.622559152506153
21.134890398366466 7.588049644741174
22.3872113856834 7.553540136976192
23.71373705661655 7.519030629211211
25.118864315095795 7.48452112144623
26.6072505979881 7.450011613681251
28.183829312644534 7.415502105916269
29.853826189179603 7.380992598151288
31.622776601683793 7.346483090386306
33.49654391578277 7.3119735826213255
35.48133892335755 7.277464074856345
37.583740428844415 7.242954567091363
39.810717055349734 7.208445059326381
42.169650342858226 7.173935551561402
44.668359215096324 7.13942604379642
47.315125896148054 7.104916536031439
50.11872336272722 7.070407028266458
53.08844442309885 7.035897520501476
56.23413251903491 7.001388012736497
59.56621435290106 6.966878504971515
63.09573444801933 6.932368997206533
66.83439175686145 6.8978594894415535
70.79457843841381 6.8633499816765715
74.98942093324558 6.828840473911591
79.43282347242817 6.79433096614661
84.13951416451951 6.759821458381628
89.12509381337455 6.725311950616648
94.40608762859236 6.690802442851666
100. 6.656292935086685
105.92537251772886 6.621783427321705
112.20184543019641 6.587273919556724
118.85022274370189 6.552764411791743
125.89254117941675 6.518254904026761
133.3521432163324 6.483745396261779
141.2537544622754 6.4492358884967995
149.62356560944343 6.4147263807318184
158.48931924611142 6.380216872966838
167.88040181225605 6.345707365201857
177.82794100389228 6.311197857436874
188.36490894898 6.276688349671894
199.52623149688807 6.242178841906914
211.34890398366477 6.207669334141933
223.872113856834 6.173159826376951
237.13737056616552 6.13865031861197
251.18864315095797 6.104140810846989
266.0725059798811 6.069631303082009
281.8382931264455 6.035121795317026
298.538261891796 6.0006122875520465
316.22776601683796 5.966102779787066
334.9654391578276 5.931593272022084
354.81338923357566 5.897083764257103
375.8374042884443 5.862574256492122
398.1071705534973 5.828064748727142
421.6965034285823 5.793555240962161
446.683592150963 5.759045733197181
473.1512589614808 5.724536225432198
501.18723362727246 5.690026717667217
530.8844442309885 5.655517209902236
562.341325190349 5.621007702137256
595.6621435290103 5.586498194372275
630.9573444801937 5.551988686607293
668.3439175686149 5.517479178842312
707.945784384138 5.482969671077332
749.8942093324558 5.448460163312351
794.3282347242813 5.41395065554737
841.3951416451956 5.379441147782388
891.2509381337459 5.344931640017408
944.0608762859235 5.310585871953822
1000. 5.2768950626958135
1059.2537251772887 5.2453929254715135
1122.018454301964 5.2105240599952225
1188.502227437019 5.166271711737132
1258.9254117941675 5.116324829666506
1333.521432163324 5.066377947595881
1412.537544622754 5.016431065525255
1496.2356560944343 4.966422690278756
1584.893192461114 4.916211758063598
1678.8040181225606 4.866384980142838
1778.2794100389228 4.817369505810297
1883.6490894898002 4.769145332750527
1995.262314968881 4.7209577173987896
2113.489039836648 4.678442247547901
2238.72113856834 4.638730713157784
2371.373705661655 4.600105574626268
2511.886431509582 4.557780698190336
2660.7250597988113 4.50907406143606
2818.382931264455 4.458580458808505
2985.3826189179604 4.408086856180952
3162.2776601683795 4.3572977957692105
3349.6543915782795 4.306102971932053
3548.1338923357566 4.254686882108651
3758.374042884443 4.202863109794651
3981.0717055349733 4.14940860751826
4216.965034285822 4.09368876280487
4466.835921509635 4.0379689180914795
4731.512589614807 3.9822490733780884
5011.872336272725 3.9265292286646982
5308.8444423098845 3.8708093839513076
5623.413251903491 3.8150895392379174
5956.62143529011 3.7593696945245263
6309.573444801937 3.7036498498111357
6683.439175686149 3.6479550936014316
7079.457843841381 3.5922778209204456
7498.942093324558 3.5366016850288484
7943.282347242822 3.480925549137249
8413.951416451957 3.425249413245652
8912.509381337459 3.3689012967088257
9440.608762859236 3.311738896721093
10000. 3.254152906687759
10592.537251772897 3.196642614414454
11220.18454301963 3.139391500296489
11885.022274370189 3.082140386178522
12589.254117941688 3.024889272060555
13335.21432163324 2.9676381579425892
14125.375446227554 2.910387043824622
14962.356560944329 2.8532872534772338
15848.93192461114 2.7967927582121512
16788.040181225624 2.7405358845316687
17782.794100389227 2.6842790108511894
18836.49089489802 2.628022137170707
19952.62314968879 2.571765263490227
21134.890398366475 2.515508389809745
22387.211385683422 2.459251516129263
23713.737056616552 2.402994642448783
25118.864315095823 2.3467377687683006
26607.250597988084 2.2904808950878204
28183.82931264455 2.2342240214073383
29853.826189179632 2.1779671477268567
31622.776601683792 2.121710274046377
33496.54391578279 2.0655143451919575
35481.33892335753 2.00916238370489
37583.74042884443 1.9527713357155678
39810.71705534977 1.896380235496852
42169.65034285822 1.8399891352781375
44668.359215096345 1.7835980350594212
47315.12589614803 1.7272069348407069
50118.72336272725 1.6708158346219906
53088.4444230989 1.614424734403274
56234.13251903491 1.5580336341845598
59566.214352901094 1.5016425339658437
63095.7344480193 1.4452514337471294
66834.39175686149 1.388860333528413
70794.57843841388 1.3324692333096966
74989.42093324558 1.2760781330909823
79432.82347242821 1.2252345881649576
84139.51416451948 1.1834707027915683
89125.0938133746 1.1447401238725674
94406.08762859246 1.106009544953567
100000. 1.0672789660345674
105925.37251772897 1.0286303623013162
112201.84543019629 0.9915652347142245
118850.22274370189 0.9567933461606197
125892.54117941688 0.922021457607015
133352.1432163324 0.8872495690534116
141253.75446227554 0.8525926467306364
149623.5656094433 0.8177014122418436
158489.3192461114 0.7814346297140579
167880.40181225623 0.7433381751713136
177827.94100389228 0.7051241059077767
188364.9089489802 0.6669100366442382
199526.2314968879 0.6286959673807012
211348.90398366476 0.5966505082693436
223872.11385683424 0.5750389532632607
237137.37056616554 0.5618660651534557
251188.6431509582 0.5445188606058391
266072.50597988087 0.5215137360625939
281838.2931264455 0.49850861151934817
298538.2618917963 0.4775822779705805
316227.7660168379 0.46384519134998603
334965.43915782793 0.45888519698200847
354813.3892335753 0.4542132540333814
375837.4042884443 0.44954131108475404
398107.17055349774 0.4448693681361268
421696.5034285823 0.4401824592111873
446683.5921509635 0.43544343361755217
473151.2589614803 0.4306652600400648
501187.2336272725 0.4259833306340911
530884.444230989 0.4214888483876341
562341.3251903491 0.41717654831888806
595662.1435290109 0.4139912665173713
630957.3444801943 0.4095831668762506
668343.9175686149 0.40223817183259447
707945.7843841388 0.39480839310762317
749894.2093324559 0.38737861438265203
794328.2347242822 0.3799488356576808
841395.1416451965 0.3725190569327095
891250.9381337459 0.36508927820773845
944060.8762859246 0.3578684338719139
1.e6 0.3514833270926776
1.0592537251772897e6 0.35087268127771243
1.1220184543019652e6 0.3502620354627475
1.1885022274370189e6 0.3496513896477823
1.2589254117941686e6 0.34896608867557216
1.333521432163324e6 0.34814279558712796
1.4125375446227554e6 0.3472154649772172
1.4962356560944358e6 0.3462881343673063
1.5848931924611141e6 0.34536080375739575
1.6788040181225624e6 0.3444334731474849
1.778279410038923e6 0.34350614253757417
1.883649089489802e6 0.34257881192766354
1.9952623149688828e6 0.3416514813177527
2.1134890398366475e6 0.3407241507078419
2.238721138568342e6 0.3394553940010428
2.3713737056616554e6 0.3371530528652935
2.5118864315095823e6 0.3341661074755583
2.660725059798814e6 0.3310644431861076
2.818382931264455e6 0.3278186172027987
2.9853826189179635e6 0.3245727912194897
3.1622776601683795e6 0.321326709964363
3.3496543915782794e6 0.3180765181230693
3.5481338923357604e6 0.3148579022431079
3.7583740428844434e6 0.3116949305195265
3.9810717055349774e6 0.3085488925806212
4.216965034285823e6 0.3054028546417159
4.466835921509635e6 0.30225681670281046
4.731512589614812e6 0.2991107787639052
5.011872336272725e6 0.295964740825
5.30884444230989e6 0.2928187028860947
5.623413251903491e6 0.2896726649471893
5.956621435290109e6 0.286526627008284
6.309573444801942e6 0.28338058906937863
6.683439175686149e6 0.28113996903105787
7.079457843841388e6 0.2796113424315781
7.498942093324558e6 0.2782452880897755
7.943282347242822e6 0.2768792337479728
8.413951416451965e6 0.27551317940617015
8.912509381337458e6 0.27414712506436756
9.440608762859246e6 0.27278107072256497
1.e7 0.2714121271614814
1.0592537251772897e7 0.2700351837750154
1.1220184543019652e7 0.2686435764027044
1.188502227437019e7 0.2672519690303935
1.2589254117941687e7 0.26586036165808263
1.333521432163324e7 0.2644687542857717
1.4125375446227554e7 0.26307714691346074
1.4962356560944358e7 0.2618575032385676
1.5848931924611142e7 0.2613257143533455
1.6788040181225624e7 0.26141437138272017
1.7782794100389227e7 0.26150302841209466
1.883649089489802e7 0.2615916854414692
1.995262314968883e7 0.2616803424708437
2.1134890398366477e7 0.2618192271128598
2.2387211385683425e7 0.26215902220544196
2.3713737056616552e7 0.2625137314459919
2.5118864315095823e7 0.2628684406865418
2.660725059798814e7 0.2632231499270915
2.818382931264455e7 0.26357432764543753
2.9853826189179633e7 0.26391553838997395
3.162277660168379e7 0.2642380703724945
3.3496543915782794e7 0.2645606023550152
3.5481338923357606e7 0.26488313433753574
3.758374042884443e7 0.26520566632005627
3.9810717055349775e7 0.2655281983025768
4.2169650342858225e7 0.2658507302850974
4.466835921509635e7 0.26617326226761795
4.731512589614812e7 0.26649579425013853
5.011872336272725e7 0.2668183262326592
5.30884444230989e7 0.26714085821517974
5.623413251903491e7 0.2674633901977002
5.956621435290109e7 0.2677859221802209
6.309573444801943e7 0.2681084541627414
6.6834391756861486e7 0.268430986145262
7.079457843841387e7 0.26875351812778264
7.498942093324558e7 0.26907605011030317
7.943282347242822e7 0.2693985820928237
8.413951416451965e7 0.2697211140753444
8.91250938133746e7 0.2700436460578649
9.440608762859245e7 0.27036617804038543
1.e8 0.27068871002290606