#Columns: M_EDO [M_sun], f_EDO
10. 8.7259477877252
10.592537251772887 8.69145472832047
11.220184543019636 8.656961668915748
11.885022274370183 8.622468609511035
12.589254117941675 8.58797555010631
13.33521432163324 8.553482490701587
14.12537544622754 8.518989431296866
14.962356560944336 8.48449637189215
15.848931924611133 8.45000331248742
16.788040181225607 8.4155102530827
17.78279410038923 8.38101719367798
18.836490894898002 8.34652413427326
19.952623149688797 8.312031074868537
21.134890398366466 8.277538015463817
22.3872113856834 8.243044956059096
23.71373705661655 8.208551896654372
25.118864315095795 8.174058837249653
26.6072505979881 8.139565777844933
28.183829312644534 8.10507271844021
29.853826189179603 8.070579659035488
31.622776601683793 8.036086599630766
33.49654391578277 8.001593540226045
35.48133892335755 7.967100480821325
37.583740428844415 7.932607421416604
39.810717055349734 7.898114362011881
42.169650342858226 7.863621302607162
44.668359215096324 7.8291282432024385
47.315125896148054 7.794635183797716
50.11872336272722 7.7601421243929956
53.08844442309885 7.725649064988274
56.23413251903491 7.691156005583554
59.56621435290106 7.656662946178832
63.09573444801933 7.622169886774109
66.83439175686145 7.587676827369389
70.79457843841381 7.553183767964667
74.98942093324558 7.518690708559946
79.43282347242817 7.484197649155225
84.13951416451951 7.449704589750501
89.12509381337455 7.415211530345782
94.40608762859236 7.380718470941059
100. 7.346225411536338
105.92537251772886 7.311732352131617
112.20184543019641 7.277239292726896
118.85022274370189 7.242746233322175
125.89254117941675 7.208253173917452
133.3521432163324 7.17376011451273
141.2537544622754 7.139267055108009
149.62356560944343 7.1047739957032885
158.48931924611142 7.070280936298568
167.88040181225605 7.0357878768938455
177.82794100389228 7.001294817489122
188.36490894898 6.966801758084403
199.52623149688807 6.932308698679682
211.34890398366477 6.897815639274961
223.872113856834 6.863322579870238
237.13737056616552 6.828829520465516
251.18864315095797 6.794336461060796
266.0725059798811 6.759843401656074
281.8382931264455 6.725350342251351
298.538261891796 6.690857282846632
316.22776601683796 6.656364223441912
334.9654391578276 6.62187116403719
354.81338923357566 6.587378104632467
375.8374042884443 6.552885045227747
398.1071705534973 6.518391985823026
421.6965034285823 6.483898926418305
446.683592150963 6.449405867013583
473.1512589614808 6.41491280760886
501.18723362727246 6.380419748204139
530.8844442309885 6.345926688799419
562.341325190349 6.311433629394698
595.6621435290103 6.276940569989976
630.9573444801937 6.2424475105852535
668.3439175686149 6.207954451180533
707.945784384138 6.173461391775811
749.8942093324558 6.13896833237109
794.3282347242813 6.104475272966369
841.3951416451956 6.069982213561646
891.2509381337459 6.035489154156926
944.0608762859235 6.001222921531596
1000. 5.967863996023834
1059.2537251772887 5.937537013437198
1122.018454301964 5.902546139808977
1188.502227437019 5.854556432295353
1258.9254117941675 5.798678150698395
1333.521432163324 5.742799869101437
1412.537544622754 5.6869215875044805
1496.2356560944343 5.630958120097853
1584.893192461114 5.57471405278508
1678.8040181225606 5.519008272750806
1778.2794100389228 5.464437807036339
1883.6490894898002 5.410974664991216
1995.262314968881 5.357562680724799
2113.489039836648 5.312016746344635
2238.72113856834 5.2703550724387
2371.373705661655 5.230203797830899
2511.886431509582 5.184937633452983
2660.7250597988113 5.130840934274305
2818.382931264455 5.074268771231541
2985.3826189179604 5.017696608188776
3162.2776601683795 4.960710990234488
3349.6543915782795 4.903157558906735
3548.1338923357566 4.845294494481934
3758.374042884443 4.7868688329097875
3981.0717055349733 4.726192782748275
4216.965034285822 4.662402240376397
4466.835921509635 4.59861169800452
4731.512589614807 4.534821155632642
5011.872336272725 4.471030613260764
5308.8444423098845 4.407240070888886
5623.413251903491 4.3434495285170085
5956.62143529011 4.2796589861451295
6309.573444801937 4.215868443773251
6683.439175686149 4.152113009513691
7079.457843841381 4.088382041188709
7498.942093324558 4.02465266365328
7943.282347242822 3.9609232861178483
8413.951416451957 3.8971939085824188
8912.509381337459 3.832533643765086
9440.608762859236 3.7667453611786494
10000. 3.700370386390631
10592.537251772897 3.6341013408160245
11220.18454301963 3.5681949815100493
11885.022274370189 3.502288622204072
12589.254117941688 3.4363822628980945
13335.21432163324 3.370475903592119
14125.375446227554 3.304569544286141
14962.356560944329 3.238874943002881
15848.93192461114 3.174027373810481
16788.040181225624 3.1095123252572208
17782.794100389227 3.0449972767039637
18836.49089489802 2.9804822281507035
19952.62314968879 2.9159671795974464
21134.890398366475 2.851452131044187
22387.211385683422 2.786937082490927
23713.737056616552 2.7224220339376703
25118.864315095823 2.65790698538441
26607.250597988084 2.593391936831153
28183.82931264455 2.5288768882778934
29853.826189179632 2.4643618397246336
31622.776601683792 2.3998467911713766
33496.54391578279 2.335417027010732
35481.33892335753 2.2707712248349456
37583.74042884443 2.2060713046261773
39810.71705534977 2.1413713120646127
42169.65034285822 2.076671319503051
44668.359215096345 2.011971326941487
47315.12589614803 1.9472713343799244
50118.72336272725 1.88257134181836
53088.4444230989 1.8178713492567957
56234.13251903491 1.7531713566952334
59566.214352901094 1.6884713641336695
63095.7344480193 1.6237713715721076
66834.39175686149 1.5590713790105428
70794.57843841388 1.4943713864489785
74989.42093324558 1.4296713938874162
79432.82347242821 1.3713600744642558
84139.51416451948 1.3235050685033856
89125.0938133746 1.2791432775612515
94406.08762859246 1.2347814866191174
100000. 1.1904196956769848
105925.37251772897 1.146045187261315
112201.84543019629 1.103357157636001
118850.22274370189 1.0632115636697534
125892.54117941688 1.0230659697035058
133352.1432163324 0.9829203757372594
141253.75446227554 0.9429356621246183
149623.5656094433 0.9026963322098307
158489.3192461114 0.8608781860035571
167880.40181225623 0.8169527271680017
177827.94100389228 0.7728915700020214
188364.9089489802 0.728830412836039
199526.2314968879 0.6847692556700585
211348.90398366476 0.6478142178238022
223872.11385683424 0.6228832327759481
237137.37056616554 0.6076781751356751
251188.6431509582 0.5876569876142183
266072.50597988087 0.5611079582383528
281838.2931264455 0.5345589288624866
298538.2618917963 0.5104038758394607
316227.7660168379 0.49452811593860957
334965.43915782793 0.48876040441148494
354813.3892335753 0.4833250330575881
375837.4042884443 0.4778896617036912
398107.17055349774 0.47245429034979425
421696.5034285823 0.46700165195666044
446683.5921509635 0.46148888380356434
473151.2589614803 0.45593651954370285
501187.2336272725 0.45051748125960517
530884.444230989 0.4453580576258771
562341.3251903491 0.44040344828850586
595662.1435290109 0.43674548765727694
630957.3444801943 0.4316751592056015
668343.9175686149 0.4232163790357145
707945.7843841388 0.414659779443869
749894.2093324559 0.4061031798520237
794328.2347242822 0.39754658026017825
841395.1416451965 0.3889899806683327
891250.9381337459 0.3804333810764875
944060.8762859246 0.3721173944121759
1.e6 0.3647638594580012
1.0592537251772897e6 0.36406030664998024
1.1220184543019652e6 0.36335675384195953
1.1885022274370189e6 0.36265320103393855
1.2589254117941686e6 0.3618635146184279
1.333521432163324e6 0.36091461939250163
1.4125375446227554e6 0.3598456905698502
1.4962356560944358e6 0.35877676174719875
1.5848931924611141e6 0.3577078329245475
1.6788040181225624e6 0.35663890410189597
1.778279410038923e6 0.3555699752792447
1.883649089489802e6 0.35450104645659336
1.9952623149688828e6 0.3534321176339418
2.1134890398366475e6 0.35236318881129036
2.238721138568342e6 0.3509003386240426
2.3713737056616554e6 0.3482449873585577
2.5118864315095823e6 0.34479988382065613
2.660725059798814e6 0.3412226677549092
2.818382931264455e6 0.33747943226392974
2.9853826189179635e6 0.33373619677294997
3.1622776601683795e6 0.32999260406211545
3.3496543915782794e6 0.32624325911820073
3.5481338923357604e6 0.3225376180106115
3.7583740428844434e6 0.31890906013131787
3.9810717055349774e6 0.3153039604347878
4.216965034285823e6 0.311698860738258
4.466835921509635e6 0.3080937610417279
4.731512589614812e6 0.30448866134519803
5.011872336272725e6 0.3008835616486682
5.30884444230989e6 0.29727846195213814
5.623413251903491e6 0.2936733622556082
5.956621435290109e6 0.29006826255907825
6.309573444801942e6 0.2864631628625482
6.683439175686149e6 0.2839007601226606
7.079457843841388e6 0.2821583029475221
7.498942093324558e6 0.2806030671628652
7.943282347242822e6 0.2790478313782082
8.413951416451965e6 0.2774925955935514
8.912509381337458e6 0.2759373598088945
9.440608762859246e6 0.27438212402423773
1.e7 0.2728228451513088
1.0592537251772897e7 0.271252371558617
1.1220184543019652e7 0.2696613776165061
1.188502227437019e7 0.2680703836743952
1.2589254117941687e7 0.2664793897322844
1.333521432163324e7 0.26488839579017365
1.4125375446227554e7 0.2632974018480627
1.4962356560944358e7 0.2619044446620561
1.5848931924611142e7 0.26130363450046634
1.6788040181225624e7 0.26141734198480954
1.7782794100389227e7 0.2615310494691524
1.883649089489802e7 0.2616447569534955
1.995262314968883e7 0.2617584644378385
2.1134890398366477e7 0.2619417516729383
2.2387211385683425e7 0.2624033579110648
2.3713737056616552e7 0.26288562455178205
2.5118864315095823e7 0.2633678911924991
2.660725059798814e7 0.2638501578332162
2.818382931264455e7 0.2643274825658893
2.9853826189179633e7 0.2647908598092928
3.162277660168379e7 0.2652280985438805
3.3496543915782794e7 0.26566533727846836
3.5481338923357606e7 0.26610257601305615
3.758374042884443e7 0.26653981474764377
3.9810717055349775e7 0.2669770534822315
4.2169650342858225e7 0.26741429221681934
4.466835921509635e7 0.26785153095140707
4.731512589614812e7 0.2682887696859948
5.011872336272725e7 0.26872600842058264
5.30884444230989e7 0.26916324715517037
5.623413251903491e7 0.2696004858897581
5.956621435290109e7 0.27003772462434594
6.309573444801943e7 0.2704749633589336
6.6834391756861486e7 0.2709122020935214
7.079457843841387e7 0.27134944082810925
7.498942093324558e7 0.271786679562697
7.943282347242822e7 0.27222391829728465
8.413951416451965e7 0.27266115703187255
8.91250938133746e7 0.2730983957664602
9.440608762859245e7 0.2735356345010479
1.e8 0.27397287323563574