#Columns: M_EDO [M_sun], f_EDO
10. 9.41522232976447
10.592537251772887 9.38074571872
11.220184543019636 9.346269107675536
11.885022274370183 9.311792496631082
12.589254117941675 9.277315885586619
13.33521432163324 9.242839274542153
14.12537544622754 9.208362663497692
14.962356560944336 9.173886052453236
15.848931924611133 9.139409441408764
16.788040181225607 9.104932830364305
17.78279410038923 9.070456219319844
18.836490894898002 9.035979608275383
19.952623149688797 9.001502997230922
21.134890398366466 8.967026386186461
22.3872113856834 8.932549775141998
23.71373705661655 8.898073164097536
25.118864315095795 8.863596553053075
26.6072505979881 8.829119942008614
28.183829312644534 8.794643330964153
29.853826189179603 8.76016671991969
31.622776601683793 8.725690108875225
33.49654391578277 8.691213497830766
35.48133892335755 8.656736886786305
37.583740428844415 8.622260275741843
39.810717055349734 8.58778366469738
42.169650342858226 8.55330705365292
44.668359215096324 8.518830442608458
47.315125896148054 8.484353831563995
50.11872336272722 8.449877220519534
53.08844442309885 8.415400609475071
56.23413251903491 8.38092399843061
59.56621435290106 8.346447387386148
63.09573444801933 8.311970776341685
66.83439175686145 8.277494165297224
70.79457843841381 8.243017554252763
74.98942093324558 8.208540943208302
79.43282347242817 8.174064332163839
84.13951416451951 8.139587721119376
89.12509381337455 8.105111110074915
94.40608762859236 8.070634499030453
100. 8.03615788798599
105.92537251772886 8.001681276941529
112.20184543019641 7.967204665897068
118.85022274370189 7.932728054852606
125.89254117941675 7.898251443808143
133.3521432163324 7.8637748327636805
141.2537544622754 7.8292982217192195
149.62356560944343 7.794821610674758
158.48931924611142 7.760344999630298
167.88040181225605 7.725868388585836
177.82794100389228 7.691391777541372
188.36490894898 7.656915166496911
199.52623149688807 7.62243855545245
211.34890398366477 7.587961944407989
223.872113856834 7.5534853333635255
237.13737056616552 7.519008722319063
251.18864315095797 7.484532111274603
266.0725059798811 7.45005550023014
281.8382931264455 7.415578889185677
298.538261891796 7.381102278141217
316.22776601683796 7.346625667096756
334.9654391578276 7.312149056052295
354.81338923357566 7.277672445007832
375.8374042884443 7.24319583396337
398.1071705534973 7.208719222918909
421.6965034285823 7.174242611874448
446.683592150963 7.139766000829986
473.1512589614808 7.105289389785522
501.18723362727246 7.070812778741061
530.8844442309885 7.0363361676966
562.341325190349 7.001859556652139
595.6621435290103 6.967382945607676
630.9573444801937 6.9329063345632145
668.3439175686149 6.8984297235187535
707.945784384138 6.863953112474292
749.8942093324558 6.82947650142983
794.3282347242813 6.794999890385368
841.3951416451956 6.760523279340905
891.2509381337459 6.726046668296444
944.0608762859235 6.691859971109372
1000. 6.6588329293518544
1059.2537251772887 6.629681101402882
1122.018454301964 6.5945682196227295
1188.502227437019 6.542841152853575
1258.9254117941675 6.481031471730284
1333.521432163324 6.419221790606994
1412.537544622754 6.357412109483704
1496.2356560944343 6.2954935499169515
1584.893192461114 6.233216347506561
1678.8040181225606 6.171631565358775
1778.2794100389228 6.111506108262382
1883.6490894898002 6.052803997231906
1995.262314968881 5.994167644050809
2113.489039836648 5.945591245141369
2238.72113856834 5.9019794317196155
2371.373705661655 5.860302021035529
2511.886431509582 5.812094568715632
2660.7250597988113 5.75260780711255
2818.382931264455 5.6899570836545745
2985.3826189179604 5.6273063601966
3162.2776601683795 5.5641241846997636
3349.6543915782795 5.500212145881418
3548.1338923357566 5.435902106855214
3758.374042884443 5.370874556024924
3981.0717055349733 5.302976957978291
4216.965034285822 5.231115717947926
4466.835921509635 5.1592544779175595
4731.512589614807 5.087393237887194
5011.872336272725 5.015531997856829
5308.8444423098845 4.943670757826464
5623.413251903491 4.8718095177961
5956.62143529011 4.799948277765733
6309.573444801937 4.728087037735367
6683.439175686149 4.6562709254259484
7079.457843841381 4.584486261456972
7498.942093324558 4.51270364227771
7943.282347242822 4.440921023098447
8413.951416451957 4.3691384039191865
8912.509381337459 4.296165990821347
9440.608762859236 4.221751825636205
10000. 4.146587866093503
10592.537251772897 4.071560067217595
11220.18454301963 3.99699846272361
11885.022274370189 3.922436858229622
12589.254117941688 3.847875253735634
13335.21432163324 3.773313649241648
14125.375446227554 3.6987520447476605
14962.356560944329 3.6244626325285285
15848.93192461114 3.5512619894088098
16788.040181225624 3.478488765982772
17782.794100389227 3.405715542556738
18836.49089489802 3.3329423191307006
19952.62314968879 3.260169095704666
21134.890398366475 3.1873958722786293
22387.211385683422 3.1146226488525914
23713.737056616552 3.041849425426557
25118.864315095823 2.96907620200052
26607.250597988084 2.8963029785744854
28183.82931264455 2.823529755148448
29853.826189179632 2.750756531722411
31622.776601683792 2.6779833082963767
33496.54391578279 2.6053197088295064
35481.33892335753 2.5323800659650004
37583.74042884443 2.459371273536786
39810.71705534977 2.3863623886323744
42169.65034285822 2.3133535037279644
44668.359215096345 2.2403446188235523
47315.12589614803 2.1673357339191424
50118.72336272725 2.09432684901473
53088.4444230989 2.021317964110317
56234.13251903491 1.9483090792059072
59566.214352901094 1.8753001943014953
63095.7344480193 1.8022913093970854
66834.39175686149 1.729282424492673
70794.57843841388 1.6562735395882604
74989.42093324558 1.5832646546838505
79432.82347242821 1.5174855607635536
84139.51416451948 1.463539434215203
89125.0938133746 1.4135464312499353
94406.08762859246 1.363553428284668
100000. 1.3135604253194018
105925.37251772897 1.2634600122213138
112201.84543019629 1.2151490805577776
118850.22274370189 1.1696297811788872
125892.54117941688 1.1241104817999965
133352.1432163324 1.0785911824211074
141253.75446227554 1.0332786775186005
149623.5656094433 0.9876912521778178
158489.3192461114 0.9403217422930563
167880.40181225623 0.8905672791646897
177827.94100389228 0.840659034096266
188364.9089489802 0.79075078902784
199526.2314968879 0.740842543959416
211348.90398366476 0.698977927378261
223872.11385683424 0.6707275122886356
237137.37056616554 0.6534902851178944
251188.6431509582 0.6307951146225973
266072.50597988087 0.6007021804141116
281838.2931264455 0.5706092462056249
298538.2618917963 0.5432254737083408
316227.7660168379 0.5252110405272331
334965.43915782793 0.5186356118409612
354813.3892335753 0.5124368120817949
375837.4042884443 0.5062380123226282
398107.17055349774 0.5000392125634616
421696.5034285823 0.49382084470213355
446683.5921509635 0.48753433398957646
473151.2589614803 0.481207779047341
501187.2336272725 0.4750516318851191
530884.444230989 0.4692272668641201
562341.3251903491 0.46363034825812366
595662.1435290109 0.45949970879718255
630957.3444801943 0.4537671515349525
668343.9175686149 0.44419458623883457
707945.7843841388 0.4345111657801149
749894.2093324559 0.42482774532139544
794328.2347242822 0.4151443248626757
841395.1416451965 0.405460904403956
891250.9381337459 0.3957774839452366
944060.8762859246 0.3863663549524379
1.e6 0.37804439182332483
1.0592537251772897e6 0.37724793202224804
1.1220184543019652e6 0.3764514722211716
1.1885022274370189e6 0.3756550124200948
1.2589254117941686e6 0.37476094056128373
1.333521432163324e6 0.37368644319787536
1.4125375446227554e6 0.37247591616248327
1.4962356560944358e6 0.37126538912709117
1.5848931924611141e6 0.37005486209169924
1.6788040181225624e6 0.3688443350563071
1.778279410038923e6 0.3676338080209151
1.883649089489802e6 0.3664232809855232
1.9952623149688828e6 0.365212753950131
2.1134890398366475e6 0.3640022269147388
2.238721138568342e6 0.36234528324704235
2.3713737056616554e6 0.3593369218518219
2.5118864315095823e6 0.355433660165754
2.660725059798814e6 0.3513808923237109
2.818382931264455e6 0.34714024732506066
2.9853826189179635e6 0.34289960232641026
3.1622776601683795e6 0.3386584981598679
3.3496543915782794e6 0.33441000011333216
3.5481338923357604e6 0.3302173337781151
3.7583740428844434e6 0.32612318974310917
3.9810717055349774e6 0.32205902828895455
4.216965034285823e6 0.31799486683480005
4.466835921509635e6 0.3139307053806454
4.731512589614812e6 0.3098665439264908
5.011872336272725e6 0.3058023824723363
5.30884444230989e6 0.3017382210181817
5.623413251903491e6 0.2976740595640271
5.956621435290109e6 0.29360989810987254
6.309573444801942e6 0.28954573665571787
6.683439175686149e6 0.2866615512142633
7.079457843841388e6 0.28470526346346603
7.498942093324558e6 0.2829608462359549
7.943282347242822e6 0.28121642900844374
8.413951416451965e6 0.27947201178093267
8.912509381337458e6 0.27772759455342155
9.440608762859246e6 0.27598317732591054
1.e7 0.2742335631411361
1.0592537251772897e7 0.27246955934221856
1.1220184543019652e7 0.27067917883030773
1.188502227437019e7 0.2688887983183969
1.2589254117941687e7 0.2670984178064863
1.333521432163324e7 0.26530803729457547
1.4125375446227554e7 0.26351765678266464
1.4962356560944358e7 0.2619513860855446
1.5848931924611142e7 0.2612815546475871
1.6788040181225624e7 0.26142031258689885
1.7782794100389227e7 0.26155907052621025
1.883649089489802e7 0.2616978284655218
1.995262314968883e7 0.26183658640483326
2.1134890398366477e7 0.26206427623301676
2.2387211385683425e7 0.26264769361668755
2.3713737056616552e7 0.2632575176575721
2.5118864315095823e7 0.2638673416984565
2.660725059798814e7 0.2644771657393408
2.818382931264455e7 0.2650806374863411
2.9853826189179633e7 0.26566618122861163
3.162277660168379e7 0.26621812671526646
3.3496543915782794e7 0.2667700722019215
3.5481338923357606e7 0.2673220176885765
3.758374042884443e7 0.2678739631752314
3.9810717055349775e7 0.26842590866188626
4.2169650342858225e7 0.26897785414854125
4.466835921509635e7 0.2695297996351962
4.731512589614812e7 0.2700817451218511
5.011872336272725e7 0.27063369060850617
5.30884444230989e7 0.2711856360951611
5.623413251903491e7 0.2717375815818159
5.956621435290109e7 0.272289527068471
6.309573444801943e7 0.27284147255512586
6.6834391756861486e7 0.27339341804178074
7.079457843841387e7 0.27394536352843585
7.498942093324558e7 0.2744973090150907
7.943282347242822e7 0.27504925450174555
8.413951416451965e7 0.27560119998840066
8.91250938133746e7 0.2761531454750556
9.440608762859245e7 0.2767050909617104
1.e8 0.2772570364483654