#Columns: M_EDO [M_sun], f_EDO
10. 7.347398703646661
10.592537251772887 7.312872747521416
11.220184543019636 7.278346791396174
11.885022274370183 7.24382083527094
12.589254117941675 7.209294879145697
13.33521432163324 7.174768923020455
14.12537544622754 7.140242966895214
14.962356560944336 7.105717010769976
15.848931924611133 7.071191054644731
16.788040181225607 7.036665098519492
17.78279410038923 7.002139142394251
18.836490894898002 6.967613186269011
19.952623149688797 6.93308723014377
21.134890398366466 6.89856127401853
22.3872113856834 6.86403531789329
23.71373705661655 6.829509361768048
25.118864315095795 6.7949834056428084
26.6072505979881 6.760457449517569
28.183829312644534 6.725931493392327
29.853826189179603 6.691405537267086
31.622776601683793 6.656879581141845
33.49654391578277 6.622353625016605
35.48133892335755 6.587827668891365
37.583740428844415 6.553301712766125
39.810717055349734 6.518775756640883
42.169650342858226 6.484249800515643
44.668359215096324 6.449723844390402
47.315125896148054 6.415197888265161
50.11872336272722 6.380671932139921
53.08844442309885 6.34614597601468
56.23413251903491 6.311620019889439
59.56621435290106 6.277094063764199
63.09573444801933 6.242568107638958
66.83439175686145 6.208042151513718
70.79457843841381 6.173516195388476
74.98942093324558 6.138990239263237
79.43282347242817 6.104464283137996
84.13951416451951 6.069938327012754
89.12509381337455 6.0354123708875145
94.40608762859236 6.000886414762274
100. 5.966360458637032
105.92537251772886 5.9318345025117925
112.20184543019641 5.897308546386551
118.85022274370189 5.862782590261312
125.89254117941675 5.82825663413607
133.3521432163324 5.793730678010828
141.2537544622754 5.759204721885589
149.62356560944343 5.7246787657603475
158.48931924611142 5.690152809635109
167.88040181225605 5.655626853509867
177.82794100389228 5.6211008973846255
188.36490894898 5.586574941259386
199.52623149688807 5.552048985134146
211.34890398366477 5.517523029008905
223.872113856834 5.482997072883664
237.13737056616552 5.448471116758422
251.18864315095797 5.413945160633183
266.0725059798811 5.379419204507941
281.8382931264455 5.344893248382701
298.538261891796 5.31036729225746
316.22776601683796 5.2758413361322205
334.9654391578276 5.241315380006981
354.81338923357566 5.206789423881738
375.8374042884443 5.1722634677564985
398.1071705534973 5.137737511631259
421.6965034285823 5.103211555506018
446.683592150963 5.068685599380777
473.1512589614808 5.034159643255536
501.18723362727246 4.999633687130295
530.8844442309885 4.965107731005055
562.341325190349 4.930581774879815
595.6621435290103 4.896055818754574
630.9573444801937 4.861529862629332
668.3439175686149 4.827003906504093
707.945784384138 4.792477950378852
749.8942093324558 4.757951994253611
794.3282347242813 4.723426038128371
841.3951416451956 4.68890008200313
891.2509381337459 4.654374125877889
944.0608762859235 4.619948822376046
1000. 4.585926129367793
1059.2537251772887 4.55324883750583
1122.018454301964 4.51850198018147
1188.502227437019 4.47798699117891
1258.9254117941675 4.433971508634617
1333.521432163324 4.389956026090324
1412.537544622754 4.345940543546031
1496.2356560944343 4.301887260459658
1584.893192461114 4.257709463342117
1678.8040181225606 4.21376168753487
1778.2794100389228 4.170301204584254
1883.6490894898002 4.127316000509836
1995.262314968881 4.084352754072779
2113.489039836648 4.044867748751167
2238.72113856834 4.007106353876869
2371.373705661655 3.9700073514216365
2511.886431509582 3.9306237629276874
2660.7250597988113 3.8873071885978145
2818.382931264455 3.842892146385471
2985.3826189179604 3.7984771041731284
3162.2776601683795 3.753884601303935
3349.6543915782795 3.7090483849573705
3548.1338923357566 3.6640792697353706
3758.374042884443 3.6188573866795153
3981.0717055349733 3.5726244322882446
4216.965034285822 3.524975285233342
4466.835921509635 3.477326138178438
4731.512589614807 3.4296769911235354
5011.872336272725 3.3820278440686327
5308.8444423098845 3.3343786970137295
5623.413251903491 3.2867295499588263
5956.62143529011 3.2390804029039226
6309.573444801937 3.1914312558490194
6683.439175686149 3.143797177689173
7079.457843841381 3.0961736006521825
7498.942093324558 3.048550706404417
7943.282347242822 3.0009278121566503
8413.951416451957 2.9533049179088846
8912.509381337459 2.9052689496525645
9440.608762859236 2.856732432263537
10000. 2.807935426984887
10592.537251772897 2.7591838880128834
11220.18454301963 2.7105880190829286
11885.022274370189 2.661992150152972
12589.254117941688 2.613396281223015
13335.21432163324 2.5648004122930597
14125.375446227554 2.516204543363103
14962.356560944329 2.4676995639515864
15848.93192461114 2.4195581426138224
16788.040181225624 2.3715594438061176
17782.794100389227 2.323560744998415
18836.49089489802 2.2755620461907102
19952.62314968879 2.2275633473830077
21134.890398366475 2.179564648575303
22387.211385683422 2.131565949767598
23713.737056616552 2.083567250959896
25118.864315095823 2.035568552152191
26607.250597988084 1.987569853344488
28183.82931264455 1.9395711545367835
29853.826189179632 1.8915724557290794
31622.776601683792 1.8435737569213764
33496.54391578279 1.7956116633731833
35481.33892335753 1.747553542574835
37583.74042884443 1.6994713668049588
39810.71705534977 1.6513891589290906
42169.65034285822 1.603306951053224
44668.359215096345 1.555224743177356
47315.12589614803 1.507142535301489
50118.72336272725 1.4590603274256209
53088.4444230989 1.4109781195497524
56234.13251903491 1.3628959116738861
59566.214352901094 1.3148137037980179
63095.7344480193 1.2667314959221514
66834.39175686149 1.2186492880462831
70794.57843841388 1.1705670801704147
74989.42093324558 1.122484872294548
79432.82347242821 1.0791091018656593
84139.51416451948 1.043436337079751
89125.0938133746 1.0103369701838838
94406.08762859246 0.9772376032880163
100000. 0.9441382363921503
105925.37251772897 0.9112155373413175
112201.84543019629 0.8797733117924481
118850.22274370189 0.8503751286514861
125892.54117941688 0.8209769455105245
133352.1432163324 0.7915787623695636
141253.75446227554 0.7622496313366541
149623.5656094433 0.7327064922738564
158489.3192461114 0.7019910734245585
167880.40181225623 0.6697236231746254
177827.94100389228 0.6373566418135319
188364.9089489802 0.6049896604524372
199526.2314968879 0.5726226790913438
211348.90398366476 0.5454867987148848
223872.11385683424 0.5271946737505733
237137.37056616554 0.5160539551712366
251188.6431509582 0.5013807335974599
266072.50597988087 0.4819195138868351
281838.2931264455 0.46245829417620976
298538.2618917963 0.44476068010170033
316227.7660168379 0.4331622667613624
334965.43915782793 0.42900998955253217
354813.3892335753 0.4251014750091747
375837.4042884443 0.42119296046581706
398107.17055349774 0.41728444592245945
421696.5034285823 0.41336326646571414
446683.5921509635 0.40939798343154
473151.2589614803 0.4053940005364266
501187.2336272725 0.4014491800085771
530884.444230989 0.39761963914939114
562341.3251903491 0.3939496483492703
595662.1435290109 0.39123704537746573
630957.3444801943 0.38749117454689963
668343.9175686149 0.3812599646294744
707945.7843841388 0.3749570067713773
749894.2093324559 0.3686540489132804
794328.2347242822 0.36235109105518337
841395.1416451965 0.3560481331970863
891250.9381337459 0.3497451753389894
944060.8762859246 0.34361947333165194
1.e6 0.338202794727354
1.0592537251772897e6 0.3376850559054446
1.1220184543019652e6 0.3371673170835354
1.1885022274370189e6 0.33664957826162606
1.2589254117941686e6 0.33606866273271635
1.333521432163324e6 0.33537097178175423
1.4125375446227554e6 0.33458523938458407
1.4962356560944358e6 0.333799506987414
1.5848931924611141e6 0.33301377459024395
1.6788040181225624e6 0.33222804219307384
1.778279410038923e6 0.3314423097959038
1.883649089489802e6 0.3306565773987337
1.9952623149688828e6 0.3298708450015635
2.1134890398366475e6 0.3290851126043934
2.238721138568342e6 0.32801044937804297
2.3713737056616554e6 0.3260611183720293
2.5118864315095823e6 0.32353233113046037
2.660725059798814e6 0.32090621861730606
2.818382931264455e6 0.3181578021416677
2.9853826189179635e6 0.31540938566602933
3.1622776601683795e6 0.31266081586661054
3.3496543915782794e6 0.3099097771279379
3.5481338923357604e6 0.3071781864756043
3.7583740428844434e6 0.3044808009077352
3.9810717055349774e6 0.30179382472645444
4.216965034285823e6 0.2991068485451738
4.466835921509635e6 0.29641987236389306
4.731512589614812e6 0.29373289618261245
5.011872336272725e6 0.2910459200013318
5.30884444230989e6 0.2883589438200512
5.623413251903491e6 0.28567196763877045
5.956621435290109e6 0.2829849914574898
6.309573444801942e6 0.280298015276209
6.683439175686149e6 0.2783791779394551
7.079457843841388e6 0.27706438191563415
7.498942093324558e6 0.27588750901668574
7.943282347242822e6 0.2747106361177373
8.413951416451965e6 0.27353376321878886
8.912509381337458e6 0.2723568903198405
9.440608762859246e6 0.27118001742089215
1.e7 0.27000140917165405
1.0592537251772897e7 0.2688179959914138
1.1220184543019652e7 0.2676257751889028
1.188502227437019e7 0.26643355438639177
1.2589254117941687e7 0.26524133358388086
1.333521432163324e7 0.2640491127813699
1.4125375446227554e7 0.2628568919788588
1.4962356560944358e7 0.26181056181507917
1.5848931924611142e7 0.2613477942062246
1.6788040181225624e7 0.2614114007806308
1.7782794100389227e7 0.2614750073550368
1.883649089489802e7 0.2615386139294429
1.995262314968883e7 0.26160222050384896
2.1134890398366477e7 0.26169670255278144
2.2387211385683425e7 0.2619146864998192
2.3713737056616552e7 0.2621418383402018
2.5118864315095823e7 0.26236899018058435
2.660725059798814e7 0.2625961420209669
2.818382931264455e7 0.2628211727249857
2.9853826189179633e7 0.2630402169706552
3.162277660168379e7 0.26324804220110853
3.3496543915782794e7 0.263455867431562
3.5481338923357606e7 0.2636636926620154
3.758374042884443e7 0.2638715178924687
3.9810717055349775e7 0.26407934312292203
4.2169650342858225e7 0.2642871683533755
4.466835921509635e7 0.2644949935838289
4.731512589614812e7 0.26470281881428226
5.011872336272725e7 0.2649106440447357
5.30884444230989e7 0.26511846927518906
5.623413251903491e7 0.26532629450564243
5.956621435290109e7 0.26553411973609586
6.309573444801943e7 0.26574194496654924
6.6834391756861486e7 0.2659497701970026
7.079457843841387e7 0.26615759542745604
7.498942093324558e7 0.2663654206579094
7.943282347242822e7 0.2665732458883628
8.413951416451965e7 0.2667810711188162
8.91250938133746e7 0.2669888963492696
9.440608762859245e7 0.2671967215797229
1.e8 0.2674045468101764