#Columns: M_EDO [M_sun], f_EDO
0.0001 3.
0.0001122018454301963 3.
0.00012589254117941674 3.
0.0001412537544622754 3.
0.00015848931924611142 3.
0.00017782794100389227 3.
0.00019952623149688788 3.
0.000223872113856834 3.
0.00025118864315095795 3.
0.0002818382931264455 3.
0.00031622776601683794 3.
0.0003548133892335753 3.
0.00039810717055349735 3.
0.00044668359215096305 3.
0.0005011872336272725 3.
0.0005623413251903491 3.
0.000630957344480193 3.
0.000707945784384138 3.
0.0007943282347242813 3.
0.0008912509381337459 3.
0.001 3.
0.0011220184543019641 3.
0.0012589254117941675 3.
0.001412537544622754 3.
0.001584893192461114 3.
0.0017782794100389228 3.
0.0019952623149688807 3.
0.00223872113856834 3.
0.0025118864315095794 3.
0.002818382931264455 3.
0.0031622776601683794 3.
0.0035481338923357567 3.
0.003981071705534973 3.
0.0044668359215096305 3.
0.005011872336272725 3.
0.005623413251903491 3.
0.006309573444801936 3.
0.00707945784384138 3.
0.007943282347242814 3.
0.008912509381337459 3.
0.01 3.
0.011220184543019636 3.
0.012589254117941675 3.
0.014125375446227547 3.
0.01584893192461114 3.
0.017782794100389236 3.
0.0199526231496888 3.
0.0223872113856834 3.
0.025118864315095808 3.
0.02818382931264455 3.
0.03162277660168381 3.
0.03548133892335755 3.
0.039810717055349734 3.
0.04466835921509633 3.
0.05011872336272725 3.
0.05623413251903494 3.
0.06309573444801936 3.
0.0707945784384138 3.
0.07943282347242818 3.
0.08912509381337459 3.
0.10000000000000005 3.
0.11220184543019639 3.
0.12589254117941678 3.
0.14125375446227548 3.
0.15848931924611143 3.
0.17782794100389238 3.
0.19952623149688803 3.
0.22387211385683406 3.
0.25118864315095807 3.
0.2818382931264455 3.
0.3162277660168381 3.
0.35481338923357564 3.
0.3981071705534974 3.
0.4466835921509633 3.
0.5011872336272725 3.
0.5623413251903494 3.
0.6309573444801936 3.
0.7079457843841382 3.
0.7943282347242819 3.
0.891250938133746 3.
1.0000000000000004 3.
1.122018454301964 3.
1.258925411794168 3.
1.412537544622755 3.
1.5848931924611143 3.
1.7782794100389236 3.
1.9952623149688808 3.
2.2387211385683408 3.
2.5118864315095815 3.
2.8183829312644555 3.
3.162277660168381 3.
3.548133892335757 3.
3.9810717055349754 3.
4.466835921509634 3.
5.011872336272726 3.
5.623413251903494 3.
6.309573444801936 3.
7.079457843841384 3.
7.943282347242819 3.
8.912509381337461 3.
10.000000000000005 3.
11.220184543019641 3.
12.589254117941682 3.
14.125375446227554 3.
15.848931924611142 3.
17.782794100389236 3.
19.952623149688808 3.
22.38721138568341 3.
25.11886431509582 3.
28.183829312644566 3.
31.62277660168381 3.
35.48133892335757 3.
39.810717055349755 3.
44.668359215096345 3.
50.11872336272727 3.
56.23413251903494 3.
63.095734448019364 3.
70.79457843841384 3.
79.43282347242821 0.5547954533169752
89.12509381337463 0.26849961682171525
100.0000000000001 0.2141635532976475
112.20184543019641 0.1889138356608283
125.89254117941688 0.17432709089315154
141.25375446227554 0.16496455460039022
158.48931924611142 0.15857410739268224
177.82794100389245 0.15403688439375515
199.52623149688807 0.15072579171351055
223.87211385683423 0.14826311551185287
251.18864315095823 0.14640520101687599
281.8382931264455 0.14498869620098206
316.22776601683825 0.1438994608138134
354.81338923357566 0.14305693425633692
398.1071705534977 0.14240198392127354
446.6835921509635 0.14189092985483237
501.18723362727246 0.14149074896307787
562.3413251903496 0.14117670822132727
630.9573444801937 0.14092961954582486
707.9457843841387 0.14073514253537325
794.3282347242822 0.14058179425731027
891.2509381337459 0.14046058912733128
1000.000000000001 0.14036484353472672
1122.018454301964 0.14888638876756555
1258.9254117941687 0.15406070949528125
1412.5375446227554 0.14804125007666638
1584.893192461114 0.14481028448945793
1778.2794100389247 0.1433165337808712
1995.262314968881 0.14258844011950675
2238.721138568342 0.14201781555005152
2511.886431509582 0.1415576527559932
2818.382931264458 0.14124041334047077
3162.2776601683827 0.14100658801520327
3548.1338923357566 0.14083044551093854
3981.0717055349774 0.1406960879523428
4466.835921509635 0.14059294570117817
5011.87233627273 0.14051324005244156
5623.4132519034965 0.14045122573905044
6309.573444801937 0.14109305140657757
7079.457843841388 0.14145688312372293
7943.282347242822 0.14072861913855
8912.509381337468 0.14049392786263223
10000. 0.14035844824289412
11220.184543019654 0.140267212883492
12589.254117941688 0.14019303303223066
14125.375446227554 0.1401559829232967
15848.93192461114 0.1401146974548184
17782.794100389263 0.14009394584580825
19952.62314968883 0.14007337173383458
22387.211385683422 0.14004777141590743
25118.864315095823 0.14022571764084849
28183.82931264455 0.14025346680133777
31622.776601683858 0.14022419576181688
35481.3389233576 0.14022504394853097
39810.71705534977 0.1402240326441918
44668.359215096345 0.14022382106866918
50118.72336272725 0.14022401068454948
56234.132519035025 0.14022409881246123
63095.73444801943 0.14022437093504467
70794.57843841388 0.14022358923385436
79432.82347242821 0.14022467926200866
89125.0938133746 0.14022491325482897
100000.0000000002 0.14022458766578189
112201.84543019652 0.14022486077339552
125892.54117941688 0.14022490303491858
141253.75446227554 0.14022412409133336
158489.3192461114 0.14022498528869942
177827.94100389266 0.1402250917952218
199526.2314968883 0.1402250271639972
223872.11385683424 0.1402246446520719
251188.6431509582 0.1402246632850758
281838.2931264455 0.1402255674064237
316227.7660168386 0.14022515925634654
354813.389233576 0.14022473393062504
398107.17055349774 0.14022495366482193
446683.5921509635 0.14022507173767676
501187.2336272725 0.14022507173767676
562341.3251903502 0.14022512681005206
630957.3444801943 0.14022510323075751
707945.7843841388 0.14022501906042628
794328.2347242822 0.14022501906042628
891250.9381337459 0.14022501906042628
1.0000000000000021e6 0.14022505155144674
1.1220184543019652e6 0.1402251332437325
1.2589254117941686e6 0.14022514515050627
1.4125375446227554e6 0.1402251322567389
1.5848931924611141e6 0.1402251322567389
1.7782794100389264e6 0.1402251322567389
1.9952623149688828e6 0.1402251322567389
2.238721138568342e6 0.1402251322567389
2.5118864315095823e6 0.1402251322567389
2.818382931264455e6 0.1402251322567389
3.1622776601683856e6 0.1402251322567389
3.5481338923357604e6 0.1402251322567389
3.9810717055349774e6 0.1402251322567389
4.466835921509635e6 0.1402251322567389
5.011872336272725e6 0.1402251322567389
5.623413251903502e6 0.1402251322567389
6.309573444801942e6 0.1402251322567389
7.079457843841388e6 0.1402251322567389
7.943282347242822e6 0.14013241689528924
8.912509381337458e6 0.14009268988980092
1.000000000000002e7 0.14006835820121333
1.1220184543019652e7 0.14005153051075034
1.2589254117941687e7 0.14003936372609413
1.4125375446227554e7 0.14003035563577484
1.5848931924611174e7 0.1400235724538588
1.7782794100389265e7 0.14001831477365298
1.995262314968883e7 0.14001441630199088
2.2387211385683425e7 0.1400112783507794
2.5118864315095823e7 0.14000891899383736
2.818382931264461e7 0.14000695768201185
3.162277660168386e7 0.14000553274457217
3.5481338923357606e7 0.14000441213038187
3.9810717055349775e7 0.14000341888591367
4.466835921509635e7 0.14000272652995072
5.011872336272735e7 0.14000207818031207
5.623413251903503e7 0.14000171578957266
6.309573444801943e7 0.14000111101823806
7.079457843841387e7 0.1400008388530344
7.943282347242822e7 0.1400007127428112
8.912509381337477e7 0.14000059670475368
1.e8 0.14000049257383956
1.1220184543019652e8 0.1400001098804132
1.2589254117941713e8 0.1400001098804132
1.4125375446227553e8 0.1400001098804132
1.5848931924611175e8 0.1400001098804132
1.7782794100389227e8 0.1400001098804132
1.9952623149688828e8 0.1400001098804132
2.2387211385683468e8 0.1400001098804132
2.511886431509582e8 0.1400001098804132
2.8183829312644607e8 0.1400001098804132
3.1622776601683795e8 0.1400001098804132
3.5481338923357606e8 0.13999999970291002
3.9810717055349857e8 0.13999999970291002
4.466835921509635e8 0.13999999970291002
5.011872336272735e8 0.13999999970291002
5.623413251903491e8 0.13999999970291002
6.309573444801943e8 0.13999999970291002
7.079457843841403e8 0.13999999970291002
7.943282347242821e8 0.13999999970291002
8.912509381337477e8 0.13999999970291002
1.e9 0.13999999970291002
1.1220184543019652e9 0.13999999970291002
1.2589254117941713e9 0.13999999970291002
1.4125375446227555e9 0.13999999970291002
1.5848931924611173e9 0.13999999970291002
1.7782794100389228e9 0.13999999970291002
1.9952623149688828e9 0.13999999970291002
2.238721138568347e9 0.13999999970291002
2.511886431509582e9 0.13999999970291002
2.8183829312644606e9 0.13999999970291002
3.1622776601683793e9 0.13999999970291002
3.5481338923357606e9 0.13999999970291002
3.9810717055349855e9 0.13999999970291002
4.466835921509635e9 0.13999999970291002
5.011872336272736e9 0.13999999970291002
5.623413251903491e9 0.13999999970291002
6.309573444801943e9 0.13999999970291002
7.079457843841402e9 0.13999999970291002
7.943282347242822e9 0.13999999970291002
8.912509381337477e9 0.13999999970291002
1.e10 0.13999999970291002