#Columns: M_EDO [M_sun], f_EDO
0.0001 1.0839774566975544
0.0001122018454301963 1.1196268791988488
0.00012589254117941674 1.1703320240176727
0.0001412537544622754 1.2330687575286141
0.00015848931924611142 1.3103538694164205
0.00017782794100389227 1.3932964060011594
0.00019952623149688788 1.467581246161071
0.000223872113856834 1.5013349781059815
0.00025118864315095795 1.4154328379217287
0.0002818382931264455 1.2350106363737332
0.00031622776601683794 1.1577043665220126
0.0003548133892335753 1.1144335263296123
0.00039810717055349735 1.0858313610719414
0.00044668359215096305 1.0655910695861108
0.0005011872336272725 1.0507013052982528
0.0005623413251903491 1.0395173765396843
0.000630957344480193 1.0309601346642339
0.000707945784384138 1.0243481318539032
0.0007943282347242813 1.019202075998387
0.0008912509381337459 1.0151715213685604
0.001 1.0120122185374487
0.0011220184543019641 1.009520854606
0.0012589254117941675 1.0075482247303083
0.001412537544622754 1.0059852161600686
0.001584893192461114 1.0047523449478282
0.0017782794100389228 1.0033045355500825
0.0019952623149688807 1.00262922031585
0.00223872113856834 1.0020923148897805
0.0025118864315095794 1.0016649361913965
0.002818382931264455 1.001323668533186
0.0031622776601683794 1.0011942228410318
0.0035481338923357567 1.0008381405482607
0.003981071705534973 1.000667067868924
0.0044668359215096305 1.0005348663700433
0.005011872336272725 0.9999999900000002
0.005623413251903491 1.0003347865145626
0.006309573444801936 1.0000006064444829
0.00707945784384138 0.9999999917663703
0.007943282347242814 0.9999999917663703
0.008912509381337459 0.9999999917663703
0.01 0.9999999924382602
0.011220184543019636 1.0000840511088185
0.012589254117941675 0.9999999934704809
0.014125375446227547 0.9999999934704809
0.01584893192461114 0.9999999934704809
0.017782794100389236 0.9999999900000002
0.0199526231496888 0.9999999900000002
0.0223872113856834 0.9999999900000002
0.025118864315095808 0.9999999900000002
0.02818382931264455 0.9999999900000002
0.03162277660168381 0.01799999982
0.03548133892335755 0.01799999982
0.039810717055349734 0.01799999982
0.04466835921509633 0.01799999982
0.05011872336272725 0.01799999982
0.05623413251903494 0.01799999982
0.06309573444801936 0.01799999982
0.0707945784384138 0.01799999982
0.07943282347242818 0.01799999982
0.08912509381337459 0.01799999982
0.10000000000000005 0.01799999982
0.11220184543019639 0.01799999982
0.12589254117941678 0.01799999982
0.14125375446227548 0.01799999982
0.15848931924611143 0.01799999982
0.17782794100389238 0.01799999982
0.19952623149688803 0.01799999982
0.22387211385683406 0.01799999982
0.25118864315095807 0.01799999982
0.2818382931264455 0.01799999982
0.3162277660168381 0.01799999982
0.35481338923357564 0.01799999982
0.3981071705534974 0.01799999982
0.4466835921509633 0.01799999982
0.5011872336272725 0.01799999982
0.5623413251903494 0.01799999982
0.6309573444801936 0.01799999982
0.7079457843841382 0.01799999982
0.7943282347242819 0.01799999982
0.891250938133746 0.01799999982
1.0000000000000004 0.01799999982
1.122018454301964 0.01799999982
1.258925411794168 0.01799999982
1.412537544622755 0.01799999982
1.5848931924611143 0.01799999982
1.7782794100389236 0.01799999982
1.9952623149688808 0.01799999982
2.2387211385683408 0.01799999982
2.5118864315095815 0.01799999982
2.8183829312644555 0.01799999982
3.162277660168381 0.01799999982
3.548133892335757 0.01799999982
3.9810717055349754 0.01799999982
4.466835921509634 0.01799999982
5.011872336272726 0.01799999982
5.623413251903494 0.01799999982
6.309573444801936 0.01799999982
7.079457843841384 0.01799999982
7.943282347242819 0.01799999982
8.912509381337461 0.01799999982
10.000000000000005 0.01799999982
11.220184543019641 0.01799999982
12.589254117941682 0.01799999982
14.125375446227554 0.01799999982
15.848931924611142 0.01799999982
17.782794100389236 0.01799999982
19.952623149688808 0.01799999982
22.38721138568341 0.01799999982
25.11886431509582 0.01799999982
28.183829312644566 0.01799999982
31.62277660168381 0.01799999982
35.48133892335757 0.01799999982
39.810717055349755 0.01799999982
44.668359215096345 0.01799999982
50.11872336272727 0.01799999982
56.23413251903494 0.01799999982
63.095734448019364 0.01799999982
70.79457843841384 0.01799999982
79.43282347242821 0.01799999982
89.12509381337463 0.01799999982
100.0000000000001 0.01799999982
112.20184543019641 0.01799999982
125.89254117941688 0.01799999982
141.25375446227554 0.01799999982
158.48931924611142 0.01799999982
177.82794100389245 0.01799999982
199.52623149688807 0.01799999982
223.87211385683423 0.01799999982
251.18864315095823 0.01799999982
281.8382931264455 0.01799999982
316.22776601683825 0.01799999982
354.81338923357566 0.01799999982
398.1071705534977 0.01799999982
446.6835921509635 0.01799999982
501.18723362727246 0.01799999982
562.3413251903496 0.01799999982
630.9573444801937 0.01799999982
707.9457843841387 0.01799999982
794.3282347242822 0.01799999982
891.2509381337459 0.01799999982
1000.000000000001 0.01799999982
1122.018454301964 0.01799999982
1258.9254117941687 0.01799999982
1412.5375446227554 0.01799999982
1584.893192461114 0.01799999982
1778.2794100389247 0.01799999982
1995.262314968881 0.01799999982
2238.721138568342 0.01799999982
2511.886431509582 0.01799999982
2818.382931264458 0.01799999982
3162.2776601683827 0.01799999982
3548.1338923357566 0.01799999982
3981.0717055349774 0.01799999982
4466.835921509635 0.01799999982
5011.87233627273 0.01799999982
5623.4132519034965 0.01799999982
6309.573444801937 0.01799999982
7079.457843841388 0.01799999982
7943.282347242822 0.01799999982
8912.509381337468 0.01799999982
10000. 0.01799999982
11220.184543019654 0.01799999982
12589.254117941688 0.01799999982
14125.375446227554 0.01799999982
15848.93192461114 0.01799999982
17782.794100389263 0.01799999982
19952.62314968883 0.01799999982
22387.211385683422 0.01799999982
25118.864315095823 0.01799999982
28183.82931264455 0.01799999982
31622.776601683858 0.01799999982
35481.3389233576 0.01799999982
39810.71705534977 0.01799999982
44668.359215096345 0.01799999982
50118.72336272725 0.01799999982
56234.132519035025 0.01799999982
63095.73444801943 0.01799999982
70794.57843841388 0.01799999982
79432.82347242821 0.01799999982
89125.0938133746 0.01799999982
100000.0000000002 0.01799999982
112201.84543019652 0.01799999982
125892.54117941688 0.01799999982
141253.75446227554 0.01799999982
158489.3192461114 0.01799999982
177827.94100389266 0.01799999982
199526.2314968883 0.01799999982
223872.11385683424 0.01799999982
251188.6431509582 0.01799999982
281838.2931264455 0.01799999982
316227.7660168386 0.01799999982
354813.389233576 0.01799999982
398107.17055349774 0.01799999982
446683.5921509635 0.01799999982
501187.2336272725 0.01799999982
562341.3251903502 0.01799999982
630957.3444801943 0.01799999982
707945.7843841388 0.01799999982
794328.2347242822 0.01799999982
891250.9381337459 0.01799999982
1.0000000000000021e6 0.01799999982
1.1220184543019652e6 0.01799999982
1.2589254117941686e6 0.01799999982
1.4125375446227554e6 0.01799999982
1.5848931924611141e6 0.01799999982
1.7782794100389264e6 0.01799999982
1.9952623149688828e6 0.01799999982
2.238721138568342e6 0.01799999982
2.5118864315095823e6 0.01799999982
2.818382931264455e6 0.01799999982
3.1622776601683856e6 0.01799999982
3.5481338923357604e6 0.01799999982
3.9810717055349774e6 0.01799999982
4.466835921509635e6 0.01799999982
5.011872336272725e6 0.01799999982
5.623413251903502e6 0.01799999982
6.309573444801942e6 0.01799999982
7.079457843841388e6 0.01799999982
7.943282347242822e6 0.01799999982
8.912509381337458e6 0.01799999982
1.000000000000002e7 0.01799999982
1.1220184543019652e7 0.01799999982
1.2589254117941687e7 0.01799999982
1.4125375446227554e7 0.01799999982
1.5848931924611174e7 0.01799999982
1.7782794100389265e7 0.01799999982
1.995262314968883e7 0.01799999982
2.2387211385683425e7 0.01799999982
2.5118864315095823e7 0.01799999982
2.818382931264461e7 0.01799999982
3.162277660168386e7 0.01799999982
3.5481338923357606e7 0.01799999982
3.9810717055349775e7 0.01799999982
4.466835921509635e7 0.01799999982
5.011872336272735e7 0.01799999982
5.623413251903503e7 0.01799999982
6.309573444801943e7 0.01799999982
7.079457843841387e7 0.01799999982
7.943282347242822e7 0.01799999982
8.912509381337477e7 0.01799999982
1.e8 0.01799999982
1.1220184543019652e8 0.01799999982
1.2589254117941713e8 0.01799999982
1.4125375446227553e8 0.01799999982
1.5848931924611175e8 0.01799999982
1.7782794100389227e8 0.01799999982
1.9952623149688828e8 0.01799999982
2.2387211385683468e8 0.01799999982
2.511886431509582e8 0.01799999982
2.8183829312644607e8 0.01799999982
3.1622776601683795e8 0.01799999982
3.5481338923357606e8 0.01799999982
3.9810717055349857e8 0.01799999982
4.466835921509635e8 0.01799999982
5.011872336272735e8 0.01799999982
5.623413251903491e8 0.01799999982
6.309573444801943e8 0.01799999982
7.079457843841403e8 0.01799999982
7.943282347242821e8 0.01799999982
8.912509381337477e8 0.01799999982
1.e9 0.01799999982
1.1220184543019652e9 0.01799999982
1.2589254117941713e9 0.01799999982
1.4125375446227555e9 0.01799999982
1.5848931924611173e9 0.01799999982
1.7782794100389228e9 0.01799999982
1.9952623149688828e9 0.01799999982
2.238721138568347e9 0.01799999982
2.511886431509582e9 0.01799999982
2.8183829312644606e9 0.01799999982
3.1622776601683793e9 0.01799999982
3.5481338923357606e9 0.01799999982
3.9810717055349855e9 0.01799999982
4.466835921509635e9 0.01799999982
5.011872336272736e9 0.01799999982
5.623413251903491e9 0.01799999982
6.309573444801943e9 0.01799999982
7.079457843841402e9 0.01799999982
7.943282347242822e9 0.01799999982
8.912509381337477e9 0.01799999982
1.e10 0.01799999982