#Columns: M_EDO [M_sun], f_EDO
0.0001 3.
0.0001122018454301963 3.
0.00012589254117941674 3.
0.0001412537544622754 3.
0.00015848931924611142 3.
0.00017782794100389227 3.
0.00019952623149688788 3.
0.000223872113856834 3.
0.00025118864315095795 3.
0.0002818382931264455 3.
0.00031622776601683794 3.
0.0003548133892335753 3.
0.00039810717055349735 3.
0.00044668359215096305 3.
0.0005011872336272725 3.
0.0005623413251903491 3.
0.000630957344480193 3.
0.000707945784384138 3.
0.0007943282347242813 3.
0.0008912509381337459 3.
0.001 3.
0.0011220184543019641 3.
0.0012589254117941675 3.
0.001412537544622754 3.
0.001584893192461114 3.
0.0017782794100389228 3.
0.0019952623149688807 3.
0.00223872113856834 3.
0.0025118864315095794 3.
0.002818382931264455 3.
0.0031622776601683794 3.
0.0035481338923357567 3.
0.003981071705534973 3.
0.0044668359215096305 3.
0.005011872336272725 3.
0.005623413251903491 3.
0.006309573444801936 3.
0.00707945784384138 3.
0.007943282347242814 3.
0.008912509381337459 3.
0.01 3.
0.011220184543019636 3.
0.012589254117941675 3.
0.014125375446227547 3.
0.01584893192461114 3.
0.017782794100389236 3.
0.0199526231496888 3.
0.0223872113856834 3.
0.025118864315095808 3.
0.02818382931264455 3.
0.03162277660168381 3.
0.03548133892335755 3.
0.039810717055349734 3.
0.04466835921509633 3.
0.05011872336272725 3.
0.05623413251903494 3.
0.06309573444801936 3.
0.0707945784384138 3.
0.07943282347242818 3.
0.08912509381337459 3.
0.10000000000000005 3.
0.11220184543019639 3.
0.12589254117941678 3.
0.14125375446227548 3.
0.15848931924611143 3.
0.17782794100389238 3.
0.19952623149688803 3.
0.22387211385683406 3.
0.25118864315095807 3.
0.2818382931264455 3.
0.3162277660168381 3.
0.35481338923357564 3.
0.3981071705534974 3.
0.4466835921509633 3.
0.5011872336272725 3.
0.5623413251903494 3.
0.6309573444801936 3.
0.7079457843841382 3.
0.7943282347242819 3.
0.891250938133746 3.
1.0000000000000004 3.
1.122018454301964 3.
1.258925411794168 3.
1.412537544622755 3.
1.5848931924611143 3.
1.7782794100389236 3.
1.9952623149688808 3.
2.2387211385683408 3.
2.5118864315095815 3.
2.8183829312644555 3.
3.162277660168381 3.
3.548133892335757 3.
3.9810717055349754 3.
4.466835921509634 3.
5.011872336272726 3.
5.623413251903494 3.
6.309573444801936 3.
7.079457843841384 3.
7.943282347242819 3.
8.912509381337461 3.
10.000000000000005 3.
11.220184543019641 3.
12.589254117941682 3.
14.125375446227554 3.
15.848931924611142 3.
17.782794100389236 3.
19.952623149688808 3.
22.38721138568341 3.
25.11886431509582 3.
28.183829312644566 3.
31.62277660168381 0.06596189951423666
35.48133892335757 0.036729106520512846
39.810717055349755 0.028904094789162355
44.668359215096345 0.02531802297956137
50.11872336272727 0.023217554125419062
56.23413251903494 0.021844895549831073
63.095734448019364 0.020896393958830164
70.79457843841384 0.020212404190610295
79.43282347242821 0.01970710205150879
89.12509381337463 0.019326823557137923
100.0000000000001 0.019511594220555987
112.20184543019641 0.02015328382557929
125.89254117941688 0.021065976432318122
141.25375446227554 0.022195237635515067
158.48931924611142 0.02358636964949557
177.82794100389245 0.02507933530802088
199.52623149688807 0.026416462430899283
223.87211385683423 0.027024029605907662
251.18864315095823 0.02547779108259111
281.8382931264455 0.022230191454727207
316.22776601683825 0.02083867859739621
354.81338923357566 0.020059803473933026
398.1071705534977 0.019544964499294937
446.6835921509635 0.01918063925254999
501.18723362727246 0.01891262349536855
562.3413251903496 0.018711312777714317
630.9573444801937 0.018557282423956205
707.9457843841387 0.01843826637337026
794.3282347242822 0.01834563736797096
891.2509381337459 0.018273087384634082
1000.000000000001 0.018216219933674074
1122.018454301964 0.018171375382908
1258.9254117941687 0.018135868045145557
1412.5375446227554 0.018107733890881234
1584.893192461114 0.018085542209060907
1778.2794100389247 0.018059481639901485
1995.262314968881 0.0180473259656853
2238.721138568342 0.018037661668016042
2511.886431509582 0.018029968851445137
2818.382931264458 0.018023826033597347
3162.2776601683827 0.01802149601113857
3548.1338923357566 0.01801508652986869
3981.0717055349774 0.01801200722164063
4466.835921509635 0.01800962759466078
5011.87233627273 0.01799999982
5623.4132519034965 0.018006026157262125
6309.573444801937 0.01800001091600069
7079.457843841388 0.017999999851794665
7943.282347242822 0.017999999851794665
8912.509381337468 0.017999999851794665
10000. 0.017999999863888682
11220.184543019654 0.01800151291995873
12589.254117941688 0.017999999882468653
14125.375446227554 0.017999999882468653
15848.93192461114 0.017999999882468653
17782.794100389263 0.01799999982
19952.62314968883 0.01799999982
22387.211385683422 0.01799999982
25118.864315095823 0.01799999982
28183.82931264455 0.01799999982
31622.776601683858 0.01799999982
35481.3389233576 0.01799999982
39810.71705534977 0.01799999982
44668.359215096345 0.01799999982
50118.72336272725 0.01799999982
56234.132519035025 0.01799999982
63095.73444801943 0.01799999982
70794.57843841388 0.01799999982
79432.82347242821 0.01799999982
89125.0938133746 0.01799999982
100000.0000000002 0.01799999982
112201.84543019652 0.01799999982
125892.54117941688 0.01799999982
141253.75446227554 0.01799999982
158489.3192461114 0.01799999982
177827.94100389266 0.01799999982
199526.2314968883 0.01799999982
223872.11385683424 0.01799999982
251188.6431509582 0.01799999982
281838.2931264455 0.01799999982
316227.7660168386 0.01799999982
354813.389233576 0.01799999982
398107.17055349774 0.01799999982
446683.5921509635 0.01799999982
501187.2336272725 0.01799999982
562341.3251903502 0.01799999982
630957.3444801943 0.01799999982
707945.7843841388 0.01799999982
794328.2347242822 0.01799999982
891250.9381337459 0.01799999982
1.0000000000000021e6 0.01799999982
1.1220184543019652e6 0.01799999982
1.2589254117941686e6 0.01799999982
1.4125375446227554e6 0.01799999982
1.5848931924611141e6 0.01799999982
1.7782794100389264e6 0.01799999982
1.9952623149688828e6 0.01799999982
2.238721138568342e6 0.01799999982
2.5118864315095823e6 0.01799999982
2.818382931264455e6 0.01799999982
3.1622776601683856e6 0.01799999982
3.5481338923357604e6 0.01799999982
3.9810717055349774e6 0.01799999982
4.466835921509635e6 0.01799999982
5.011872336272725e6 0.01799999982
5.623413251903502e6 0.01799999982
6.309573444801942e6 0.01799999982
7.079457843841388e6 0.01799999982
7.943282347242822e6 0.01799999982
8.912509381337458e6 0.01799999982
1.000000000000002e7 0.01799999982
1.1220184543019652e7 0.01799999982
1.2589254117941687e7 0.01799999982
1.4125375446227554e7 0.01799999982
1.5848931924611174e7 0.01799999982
1.7782794100389265e7 0.01799999982
1.995262314968883e7 0.01799999982
2.2387211385683425e7 0.01799999982
2.5118864315095823e7 0.01799999982
2.818382931264461e7 0.01799999982
3.162277660168386e7 0.01799999982
3.5481338923357606e7 0.01799999982
3.9810717055349775e7 0.01799999982
4.466835921509635e7 0.01799999982
5.011872336272735e7 0.01799999982
5.623413251903503e7 0.01799999982
6.309573444801943e7 0.01799999982
7.079457843841387e7 0.01799999982
7.943282347242822e7 0.01799999982
8.912509381337477e7 0.01799999982
1.e8 0.01799999982
1.1220184543019652e8 0.01799999982
1.2589254117941713e8 0.01799999982
1.4125375446227553e8 0.01799999982
1.5848931924611175e8 0.01799999982
1.7782794100389227e8 0.01799999982
1.9952623149688828e8 0.01799999982
2.2387211385683468e8 0.01799999982
2.511886431509582e8 0.01799999982
2.8183829312644607e8 0.01799999982
3.1622776601683795e8 0.01799999982
3.5481338923357606e8 0.01799999982
3.9810717055349857e8 0.01799999982
4.466835921509635e8 0.01799999982
5.011872336272735e8 0.01799999982
5.623413251903491e8 0.01799999982
6.309573444801943e8 0.01799999982
7.079457843841403e8 0.01799999982
7.943282347242821e8 0.01799999982
8.912509381337477e8 0.01799999982
1.e9 0.01799999982
1.1220184543019652e9 0.01799999982
1.2589254117941713e9 0.01799999982
1.4125375446227555e9 0.01799999982
1.5848931924611173e9 0.01799999982
1.7782794100389228e9 0.01799999982
1.9952623149688828e9 0.01799999982
2.238721138568347e9 0.01799999982
2.511886431509582e9 0.01799999982
2.8183829312644606e9 0.01799999982
3.1622776601683793e9 0.01799999982
3.5481338923357606e9 0.01799999982
3.9810717055349855e9 0.01799999982
4.466835921509635e9 0.01799999982
5.011872336272736e9 0.01799999982
5.623413251903491e9 0.01799999982
6.309573444801943e9 0.01799999982
7.079457843841402e9 0.01799999982
7.943282347242822e9 0.01799999982
8.912509381337477e9 0.01799999982
1.e10 0.01799999982