#Columns: M_EDO [M_sun], f_EDO
275.8153310197431 0.9999999999999999
288.37526101310505 0.8962523846666037
301.50713833388716 0.8032683370205719
315.2370080114413 0.7199311625818648
329.5921010996397 0.6452400212597952
344.60088868541834 0.5782979077364216
360.2931383567372 0.5183008788564742
376.699973241943 0.46452839864991163
393.85393373763947 0.4163346850353421
411.78904204748534 0.37314095428234384
430.5408696599243 0.33442847009232285
450.146607898684 0.29973231382064763
470.64514168595963 0.2686358010233943
492.07712666459224 0.24076547727403982
514.4850698321878 0.2157866331522512
537.9134138471175 0.19339928454188277
562.4086251735926 0.1733345699634771
588.0192862406441 0.15535152167492663
614.7961917977926 0.13923417176273825
642.7924496585026 0.12478895846943366
672.0635860312474 0.11184240160829143
702.6676556470732 0.1002390191482712
734.6653569021033 0.0897315120663931
768.1201522433327 0.08032329761108913
803.0983940364845 0.07190152033040348
839.6694561655793 0.06436275376609643
877.905871625201 0.05761441556894998
917.8834763783789 0.05157363051020028
959.6815597653786 0.04616621270451849
1003.3830217617415 0.04132575454538362
1049.0745373974464 0.0369928111642162
1096.8467286633022 0.03311417039774847
1146.7943442455316 0.029642199298220102
1199.0164474449955 0.02653425916100093
1253.6166126537998 0.023752181885688756
1310.7031307789298 0.021261801239962
1370.3892240203722 0.019032533269713173
1432.7932704296775 0.017037000702551253
1498.0390386943454 0.01525069673203345
1566.255933613714 0.013651684053615517
1637.5792527531707 0.012220325456231872
1712.1504547857728 0.010939042660943945
1790.1174400534367 0.00978628156749902
1871.6348439041967 0.008732794519656221
1956.8643433872821 0.007792714689081527
2045.974977914306 0.0069538338602541435
2139.143484522574 0.006205258024365859
2236.5546484053993 0.005537265905796286
2338.401669404714 0.004941182718123513
2444.886545192788 0.004409267510221099
2556.2204719031056 0.0039346126394764445
2672.624263004929 0.0035110540666541397
2794.3287872523492 0.003133091307460687
2921.5754265764485 0.002795816001272833
3054.616554828671 0.002494848169397409
3193.7160383249934 0.002226279335089258
3339.1497591835623 0.0019866217666634992
3491.2061624938447 0.0017727631845547227
3650.1868284024367 0.0015819263441327806
3816.4070702502145 0.0014116329694030046
3990.1965599471605 0.0012596715692208486
4171.899981825122 0.0011240687180708044
4361.877716265424 0.0010030634284513363
4560.5065544570825 0.0008891430013654931
4768.180445703362 0.0007880159609938827
4985.311278758703 0.0006983906456300812
5212.329698745825 0.0006189589019090789
5449.685961273104 0.0005485613598201244
5697.850825446293 0.00048617051077150155
5957.31648754578 0.0004308757102784751
6228.597557221055 0.0003818698863766285
6512.23207813869 0.0003384377597591946
6808.782595107933 0.00029994540370186374
7118.8372698006015 0.000265830991393772
7443.011047277943 0.00023559659562456708
7781.946875638184 0.0002088009211373927
8136.316981203793 0.00018505286357065417
8506.824201777426 0.0001640058009761653
8894.203380611094 0.00014535253459379042
9299.222823853 0.00012882080503914304
9722.685824362958 0.0001141693184594929
10165.432254918382 0.00010118422465644735
10628.340233970866 0.00008744366674941231
11112.327867257096 0.00007536351046900558
11618.355068718378 0.00006495220204441006
12147.425464340015 0.00005597919369948805
12700.588382686885 0.00004824578734224021
13278.94093608298 0.000041580734598789586
13883.630196562324 0.00003583644469330158
14515.855470907465 0.00003088571620121028
15176.870679287245 0.000026618920303777116
15867.986842211907 0.000022941573170029518
16590.574680737493 0.000019772243708965806
17346.067335077238 0.00001704075036133354
18135.963207011646 0.000014686607000783097
18961.828931734377 0.000012657683530467024
19825.3024850288 0.000010909051515364506
20728.096431937272 0.00001
21672.001323366814 0.00001
22658.889247367155 0.00001
23690.717542125345 0.00001
24769.532678040738 0.00001
25897.47431657939 0.00001
27076.779553958855 0.00001
28309.78735807931 0.00001
29598.943207501605 0.00001
30946.803941672013 0.00001
32356.04283201443 0.00001
33829.454883947255 0.00001
35369.96238034009 0.00001
36980.62067740599 0.00001
38664.62426452361 0.00001
40425.31310000865 0.00001
42266.17923539949 0.00001
44190.873741396674 0.00001
46203.21394919216 0.00001
48307.19102154951 0.00001
50506.977868652684 0.00001
52806.93742442204 0.00001
55211.63129971328 0.00001
57725.828829560116 0.00001
60354.51653240632 0.00001
63102.90800008723 0.00001
65976.45423817485 0.00001
68980.8544771972 0.00001
72122.0674761724 0.00001
75406.32334087788 0.00001
78840.13588029204 0.00001
82430.31552571848 0.00001
86183.98283821325 0.00001
90108.58263110732 0.00001
94211.89873563088 0.00001
98502.06943892836 0.00001
102987.60362508167 0.00001
107677.3976511526 0.00001
112580.75299171956 0.00001
117707.39468690047 0.00001
123067.49063045303 0.00001
128671.67173620386 0.00001
134531.05302280773 0.00001
140657.2556586533 0.00001
147062.4300106355 0.00001
153759.27974251317 0.00001
160761.08701064304 0.00001
168081.73880706533 0.00001
175735.75450218355 0.00001
183738.3146416706 0.00001
192105.29105471325 0.00001
200853.27833330643 0.00001
209999.62674503794 0.00001
219562.47664463602 0.00001
229560.7944525336 0.00001
240014.4102718009 0.00001
250944.05721806156 0.00001
262371.4125403933 0.00001
274319.1406147657 0.00001
286810.9378952951 0.00001
299871.5799124622 0.00001
313526.97041151265 0.00001
327804.19272849 0.00001
342731.5635058075 0.00001
358338.6888538919 0.00001
374656.52307027904 0.00001
391717.4300326349 0.00001
409555.247387455 0.00001
428205.3536617592 0.00001
447704.73843087355 0.00001
468092.0756814833 0.00001
489407.8005154528 0.00001
511694.18934653443 0.00001
534995.4437490414 0.00001
559357.7781247706 0.00001
584829.5113620608 0.00001
611461.1626687604 0.00001
639305.5517691959 0.00001
668417.9036638561 0.00001
698855.9581595543 0.00001
730680.0843873302 0.00001
763953.4005351971 0.00001
798741.899033224 0.00001
835114.5774392129 0.00001
873143.575284592 0.00001
912904.3171519231 0.00001
954475.662267781 0.00001
997940.0609077292 0.00001
1.0433837179235714e6 0.00001
1.0908967637172297e6 0.00001
1.1405734330003199e6 0.00001
1.1925122516940015e6 0.00001
1.2468162323397738e6 0.00001
1.303593078408763e6 0.00001
1.3629553979147575e6 0.00001
1.425020926754626e6 0.00001
1.4899127622191063e6 0.00001
1.557759607137054e6 0.00001
1.6286960251374277e6 0.00001
1.702862707535257e6 0.00001
1.780406752370891e6 0.00001
1.8614819561560175e6 0.00001
1.946249118905038e6 0.00001
2.034876363056816e6 0.00001