#Columns: M_EDO [M_sun], f_EDO
444.25088592212313 1.0000000000000002
465.7013674507056 0.8913143404857862
488.1875771508882 0.7944412535556138
511.75952475527475 0.708096881967623
536.4696346969876 0.631136905351015
562.3728627025483 0.5625413745491799
589.5268180143933 0.501401194252271
617.9918915148623 0.4469060747737485
647.8313900365982 0.398333793296056
679.1116771580785 0.3550406222648756
711.9023207973975 0.31645279807968063
746.2762479325618 0.2820589170152729
782.3099067923969 0.251403157597603
820.0834368787696 0.2240792396101522
859.6808471982804 0.19972503966967922
901.1902030997903 0.17801779201167803
944.7038221333386 0.15866981088162466
990.3184793660196 0.14142467784095966
1038.1356226114651 0.12605384345823004
1088.2615980516005 0.11235359834767081
1140.8078867524478 0.10014237341245935
1195.8913526000192 0.0894472929597483
1253.6345022076816 0.07989654913000517
1314.165757373065 0.07136558694689504
1377.6197406904291 0.06374551912107729
1444.1375749537247 0.05693908481463749
1513.8671970162166 0.050859408225549976
1586.9636868046807 0.04542888972441268
1663.589612219948 0.04057821539016788
1743.9153906908107 0.03624547230274953
1828.119668185446 0.032375358300446536
1916.3897165232306 0.02891847611550596
2008.9218498706318 0.02583070287847757
2105.9218613474122 0.023072626943797563
2207.6054807142145 0.02060904484837737
2314.1988541594146 0.018408511982490425
2425.9390472522746 0.016442941237821366
2543.074572181029 0.014687244509910047
2665.8659404484147 0.013119012479209278
2794.5862422539362 0.011718228583552225
2929.521753851331 0.010467013531239293
3070.9725742321025 0.009338877797456365
3219.2532925510227 0.008325970749863494
3374.693687778052 0.007422924941416834
3537.639462132674 0.00661782467669746
3708.4530099317935 0.0059000466523842525
3887.514223561209 0.005260119782696074
4075.221338363041 0.00468960022835234
4271.991818318293 0.004180959980057734
4478.263284494177 0.0037274875263698126
4694.494488321217 0.003323199295261063
4921.166331864641 0.002962760700846388
5158.782937359148 0.002641415753487104
5407.872768385815 0.002354924304476105
5668.989805184515 0.002099506097247693
5942.714776715916 0.0018717908868671055
6229.656452213048 0.0016687739696263438
6530.452995094975 0.001487776535958842
6845.773382253679 0.0013264103235295004
7176.318891870587 0.0011825461040973887
7522.824663071847 0.0010542855883349932
7886.061330890832 0.0009420635051139123
8266.836740174307 0.0008434122587462544
8665.99774224375 0.0007550915987531499
9084.432078307907 0.0006760197241561837
9523.070353815063 0.0006052281182876779
9982.888108136225 0.000541849685855343
10464.907984182168 0.0004851081322728274
10970.202002779492 0.00043430845516824294
11499.893946864182 0.0003888284316053115
12055.161860794951 0.0003481109967478726
12637.240670344876 0.00031165742061734175
13247.424929198549 0.0002790211993682109
13887.071698062568 0.0002498025862585298
14557.603562792725 0.00022364369532761757
15260.511798250573 0.000200224117808085
15997.359684925279 0.00017925699757955708
16769.785985697457 0.00016048551759402304
17579.50859047699 0.00014367975423660011
18428.32833682113 0.00012863386109214037
19318.133015029296 0.00011516354762289176
20250.901566622542 0.0001031038218746304
21228.708485544747 0.00009239393654587813
22253.72843187448 0.00008282631524925629
23328.241068307812 0.00007424944486874112
24454.636130168794 0.00006656073068958299
25635.41874022382 0.00005966820193421225
26873.214980119294 0.00005348941162719421
28170.7777308343 0.0000479504503818963
29530.99279513691 0.000042985062311991466
30956.88531566149 0.00003853385249251794
32451.626502879884 0.00003454357649031241
34018.54068793003 0.00003096650346532998
35661.112715988245 0.00002775984522439991
37382.99569662699 0.000024885244397883407
39188.019128396045 0.000022308315616906353
41080.19741569548 0.000019998234202828965
43063.7387968833 0.000017927367448939656
45143.05470347262 0.00001607094408384491
47322.769571233985 0.000014406757962745249
49607.73112502376 0.000012914902442213373
52003.0211602106 0.000011577532261124077
54513.96684467943 0.000010378650079403629
57146.15256654767 0.00001
59905.43235394498 0.00001
62797.942894476204 0.00001
65830.117183324 0.00001
69008.6988303459 0.00001
72340.75705798285 0.00001
75833.70242333658 0.00001
79495.30329938058 0.00001
83333.70315196144 0.00001
87357.43865101214 0.00001
91575.45865625814 0.00001
95997.14411964254 0.00001
100632.3289487303 0.00001
105491.32187749495 0.00001
110584.92939312651 0.00001
115924.4797698536 0.00001
121521.84826322703 0.00001
127389.48352090117 0.00001
133540.43526864785 0.00001
139988.38333318155 0.00001
146747.66806633794 0.00001
153833.32223827197 0.00001
161261.10447060928 0.00001
169047.5342839016 0.00001
177209.92883733643 0.00001
185766.44144240746 0.00001
194736.10193620625 0.00001
204138.85900411924 0.00001
213995.62454605964 0.00001
224328.32018490933 0.00001
235159.92602059868 0.00001
246514.5317382608 0.00001
258417.3901841201 0.00001
270894.973528277 0.00001
283975.0321392866 0.00001
297686.65630147245 0.00001
312060.3409122432 0.00001
327128.05330328725 0.00001
342923.30433649186 0.00001
359481.22293269634 0.00001
376838.6341990447 0.00001
395034.1413286798 0.00001
414108.21145493706 0.00001
434103.2656509695 0.00001
455063.77327497816 0.00001
477036.350870858 0.00001
500069.8658442222 0.00001
524215.5451443922 0.00001
549527.0891940455 0.00001
576060.7913199187 0.00001
603875.6629501677 0.00001
633033.5648568474 0.00001
663599.3447353713 0.00001
695640.9814269424 0.00001
729229.7361047193 0.00001
764440.310759936 0.00001
801351.0143404681 0.00001
840043.9369113282 0.00001
880605.1322244481 0.00001
923124.8091037582 0.00001
967697.5320712194 0.00001
1.0144224316600227e6 0.00001
1.063403424882661e6 0.00001
1.114749446344228e6 0.00001
1.1685746905149186e6 0.00001
1.224998865700588e6 0.00001
1.2841474602761583e6 0.00001
1.346152021774001e6 0.00001
1.4111504494480167e6 0.00001
1.4792873009640342e6 0.00001
1.550714113898649e6 0.00001
1.625589742761493e6 0.00001
1.7040807122905226e6 0.00001
1.7863615878060083e6 0.00001
1.872615363446916e6 0.00001
1.963033869153168e6 0.00001
2.0578181972988467e6 0.00001
2.157179149925239e6 0.00001
2.2613377075683298e6 0.00001
2.3705255207234933e6 0.00001
2.4849854250403196e6 0.00001
2.6049719813934555e6 0.00001
2.73075204203052e6 0.00001
2.8626053440563073e6 0.00001
3.0008251315731e6 0.00001
3.1457188078607763e6 0.00001
3.297608619047241e6 0.00001
3.4568323707895516e6 0.00001
3.62374417955976e6 0.00001
3.7987152602062477e6 0.00001
3.9821347515422334e6 0.00001
4.174410581797435e6 0.00001
4.375970375857722e6 0.00001
4.587262406310562e6 0.00001
4.808756590411239e6 0.00001
5.040945535187255e6 0.00001
5.28434563300513e6 0.00001
5.539498210036322e6 0.00001