#Columns: M_EDO [M_sun], f_EDO
714.4016580840339 0.9999999999999999
749.4843542291815 0.8902059053876611
786.2898845179586 0.7924665539870654
824.9028535507116 0.7054584061814972
865.4120206738661 0.6280032391881362
907.9105040103761 0.5590521921278587
952.4959945096676 0.49767156285213715
999.2709805091014 0.4430301641944791
1048.3429833231542 0.3943880684307914
1099.824804401875 0.3510865875315235
1153.8347846267372 0.31253935352296425
1210.4970763399517 0.2782243781721847
1269.9419287325377 0.24767698447168873
1332.3059872471733 0.2204835142053059
1397.7326076840695 0.19627572638618762
1466.3721857318812 0.17472581071323698
1538.3825026811683 0.15554194852057024
1613.929088115082 0.13846436110851523
1693.1856004109916 0.12326179194453016
1776.3342259277185 0.109728375097686
1863.5660977959633 0.09772251323738586
1955.0817352746265 0.08717723370221281
2051.0915046829437 0.07776989993604395
2151.81610296799 0.06937771570869161
2257.487065019117 0.06189113578536632
2368.3472958955 0.05521243600591416
2484.6516291901885 0.0492544376674364
2606.6674128142126 0.04393936955934189
2734.675123547244 0.03919785279670026
2868.969011767496 0.034967995200675776
3009.8577778429017 0.031194583404767898
3157.6652817383515 0.027828362141224926
3312.7312874702106 0.024825391299977927
3475.4122441193485 0.022146472367629323
3646.0821051980024 0.01975663675966334
3825.133188253965 0.017624689366953217
4012.977076688009 0.015722801358366775
4210.045565857624 0.014026146924222063
4416.791655641804 0.012512579218917257
4633.690591748521 0.011162341272734374
4861.240958158534 0.009958439220354302
5099.965823216673 0.008899038541545919
5350.413942005197 0.007952339238266916
5613.161017763034 0.007106351890177774
5888.811025250558 0.006350362537858613
6177.997599101929 0.00567479699646975
6481.385490356304 0.0050710996040237545
6799.672094516161 0.004531624868682998
7133.589054645179 0.0040495406428562005
7483.903943190726 0.0036187415978476945
7851.4220263970055 0.0032337719032638095
8236.988115364571 0.0028897561319542898
8641.488508011385 0.002582337515437984
9065.853026399287 0.0023076227678522653
9511.05715410907 0.0020621327796521535
9978.124278577436 0.0018427585566221732
10468.128043550045 0.0016467218461931638
10982.194817058511 0.001471539952418095
11521.506280594289 0.0013149942940081873
12087.302145431075 0.001175102307234398
12680.883002340113 0.0010500923378599853
13303.613311248391 0.0009400485116630846
13956.924537712759 0.0008426855704447314
14642.318443419155 0.0007554067282968764
15361.370538270998 0.000677167552370733
16115.73370200235 0.0006070317840795743
16907.141983640107 0.0005441601352468447
17737.414587549898 0.0004878002446623913
18608.460055227602 0.00043727767486081634
19522.28065244948 0.00039198784138376377
20480.976971865963 0.0003513887779466671
21486.752761618125 0.00031499465093349404
22541.91999107754 0.0002823699456098551
23648.904165353062 0.00025312425448312264
24810.249900781335 0.0002269076054438308
26028.62677421788 0.00020340627378197726
27306.835459573293 0.00018233902796224578
28647.814165702 0.00016345376423272613
30054.645390441092 0.00014652448979479804
31530.56300632512 0.00013134861843290262
33078.959694265395 0.00011774454624202139
34703.394742280034 0.00010554947844252849
36407.60222720343 0.00009494122342526059
38195.499598180926 0.00008568437853246967
40071.1966816799 0.00007733008338864711
42039.0051287181 0.00006979033867449957
44103.44832602322 0.00006298572507444692
46269.271793909305 0.000056844566719424095
48541.4540947684 0.000051302176194681916
50925.21827725583 0.000046300173159923893
53426.04388247324 0.000041785869404525444
56049.679539748846 0.000037711713860357686
58802.15618096998 0.00003403479172630216
61689.80090384068 0.00003071637242852654
64719.25151593524 0.000027721501654990593
67897.47179297708 0.000025018633166914854
71231.76748641807 0.00002257929650892376
74729.80311711633 0.000020377797117713766
78399.61959371254 0.00001839094567036616
82249.6526962082 0.000016597813821413996
86288.75246723034 0.00001497951375574016
90526.2035555585 0.000013518999235243512
94971.74655867949 0.000012200886043612656
99635.60041342533 0.00001101128993787838
104528.48588616916 0.00001
109661.65021657101 0.00001
115046.89297152385 0.00001
120696.59316873224 0.00001
126623.73773226707 0.00001
132841.9513455134 0.00001
139365.52777012892 0.00001
146209.46270300716 0.00001
153389.48824677715 0.00001
160922.10907306903 0.00001
168824.64036168283 0.00001
177115.24760286338 0.00001
185812.98835417724 0.00001
194937.85604798206 0.00001
204510.82595017858 0.00001
214553.90337590195 0.00001
225090.17427297606 0.00001
236143.85828940943 0.00001
247740.3644469243 0.00001
259906.34954848327 0.00001
272669.77945408854 0.00001
286059.9933656962 0.00001
300107.7712690209 0.00001
314845.40468726575 0.00001
330306.7709094027 0.00001
346527.41086365114 0.00001
363544.6108151446 0.00001
381397.48807559063 0.00001
400127.0809219511 0.00001
419776.44293082005 0.00001
440390.7419453672 0.00001
462017.36390232295 0.00001
484706.0217576779 0.00001
508508.86976149376 0.00001
533480.6233444846 0.00001
559678.6848919797 0.00001
587163.2756943598 0.00001
615997.5743772882 0.00001
646247.8621299586 0.00001
677983.6750651648 0.00001
711277.9640614585 0.00001
746207.2624547898 0.00001
782851.8619651172 0.00001
821295.9972624001 0.00001
861628.0395962 0.00001
903940.6999340296 0.00001
948331.2420753639 0.00001
994901.7062312101 0.00001
1.0437591435832012e6 0.00001
1.0950158623613382e6 0.00001
1.1487896860061036e6 0.00001
1.2052042240083262e6 0.00001
1.2643891560493966e6 0.00001
1.3264805300950091e6 0.00001
1.3916210751275944e6 0.00001
1.4599605292363935e6 0.00001
1.531655983819291e6 0.00001
1.6068722446876378e6 0.00001
1.6857822109041743e6 0.00001
1.7685672722248023e6 0.00001
1.8554177260578973e6 0.00001
1.9465332148995462e6 0.00001
2.0421231852502644e6 0.00001
2.1424073690681444e6 0.00001
2.2476162888650526e6 0.00001
2.35799178760705e6 0.00001
2.4737875846370207e6 0.00001
2.595269858897432e6 0.00001
2.722717860793938e6 0.00001
2.856424554106178e6 0.00001
2.9966972894214992e6 0.00001
3.1438585106394277e6 0.00001
3.298246496171123e6 0.00001
3.4602161365374406e6 0.00001
3.6301397501531267e6 0.00001
3.808407939172456e6 0.00001
3.995430487363457e6 0.00001
4.1916373020748813e6 0.00001
4.397479402461027e6 0.00001
4.613429956236106e6 0.00001
4.839985367341435e6 0.00001
5.0776664170254255e6 0.00001
5.327019460959662e6 0.00001
5.588617685142614e6 0.00001
5.8630624234780185e6 0.00001
6.1509845400567595e6 0.00001
6.453045879319389e6 0.00001
6.769940787433145e6 0.00001
7.102397708380304e6 0.00001
7.451180858426946e6 0.00001
7.817091982821327e6 0.00001
8.200972198759634e6 0.00001
8.60370392885598e6 0.00001
9.026212929560691e6 0.00001
9.46947041918976e6 0.00001
9.934495310457338e6 0.00001
1.0422356552642703e7 0.00001