#Columns: M_EDO [M_sun], f_EDO
1164.5835751152485 1.
1222.7278526700482 0.8894187330068929
1283.7751052320602 0.7910656826235866
1347.8702699171438 0.7035886371643032
1415.1655201306542 0.625784914224721
1485.8206268543743 0.5565848255445786
1560.0033379714512 0.4950369703467215
1637.889776529929 0.4402951549573519
1719.6648588904204 0.39160675887124147
1805.522733750681 0.34830238731219537
1895.6672430894064 0.30978666802648813
1990.312406123605 0.275530065778546
2089.6829274285783 0.2450616020100602
2194.0147304268385 0.21796237956842723
2303.5555175125855 0.193859823478918
2418.5653581415736 0.17242255857955915
2539.3173062825995 0.15335585359363826
2666.098048696548 0.1363975690024443
2799.208585582131 0.12131455300737425
2938.9649452042895 0.10789943603111636
3085.6989342019224 0.09593351499747185
3239.758925356298 0.0852383524389581
3401.5106846904573 0.07573554171031371
3571.338239863289 0.06729215328583818
3749.6447919200027 0.05979007730828821
3936.8536725636527 0.05312437141587828
4133.409349220454 0.047201792762040215
4339.7784802850865 0.04193949369318403
4556.4510230513515 0.037263862839022215
4783.941396958549 0.03310949540411686
5022.789704915432 0.029418278256629602
5273.563015601264 0.02613857701609302
5536.856709788478 0.02322451376882524
5813.295893883305 0.020635325307351966
6103.536884040391 0.018334792916604503
6408.2687643749405 0.016290735730490353
6728.215022971879 0.014474560571684033
7064.135269576194 0.012860861977597343
7416.827039042581 0.011427066817515522
7787.127684826083 0.010153118529646076
8175.9163670092275 0.009074419971315669
8584.116139585592 0.00811736675471288
9012.696141955372 0.007261251213719669
9462.673899835967 0.006495427739313762
9935.117741050344 0.00581037348452155
10431.149331928733 0.005197569949904147
10951.946340345406 0.0046493970578848605
11498.745231713347 0.004159038398755358
12072.844204574518 0.003720396470115797
12675.606272756 0.0033280168557694037
13308.462501408832 0.0029770204012532528
13972.91540461331 0.002663042542622302
14670.542512616405 0.002382179034053924
15403.000117171458 0.002130937399407105
16172.027203871337 0.0019061935040475856
16979.449580812066 0.0017051527069186394
17827.184213388166 0.0015253151097924334
18717.243775512066 0.0013644444715836966
19651.741428062716 0.001220540401182185
20632.895835907886 0.0010918134830279124
21663.036435412392 0.0009773676401343542
22744.608964937102 0.0008772685547846489
23880.181271460355 0.000787421319891613
25072.449407106422 0.0007067759714379103
26324.244030056718 0.0006343900795964732
27638.5371250391 0.0005694177353987418
29018.449059352537 0.000511099665355538
30467.255991177764 0.00045875435850908154
31988.397647764243 0.00041177010222591
33585.48549195851 0.0003695978336602123
35262.31129646458 0.00033174472334899374
37022.856146191174 0.0002977684159563527
38871.29989006124 0.00026727186086356774
40812.03106472155 0.00023989867219478914
42849.65731371574 0.0002153289640550691
44989.01632685504 0.00019327561231093974
47235.18732576094 0.00017348089922828664
49593.503122847695 0.0001557135017564313
52069.562782373854 0.00013976578826319978
54669.24491362482 0.00012545139213033412
57398.72162778377 0.00011260303385404882
60264.4731916304 0.00010107056619956105
63273.30341285442 0.00009183848046160046
66432.35579351509 0.00008356162938269861
69749.13048999404 0.00007603072121833548
73231.50211971148 0.00006917852861037103
76887.7384568777 0.00006294388299899274
80726.52006167169 0.00005727112857958228
84756.96088944512 0.0000521096254711763
88988.62992888664 0.0000474132976613688
93431.5739205142 0.00004314022169222902
98096.34120943863 0.000039252252415486824
102994.00678902368 0.000035714682476159506
108136.19859490516 0.000032495932484874276
113535.12511179427 0.000029567269113099382
119203.6043586063 0.00002690254859476228
125155.09432073597 0.000024477983344525215
131403.7249017243 0.00002227192960935722
137964.3314701833 0.000020264694257793325
144852.49008161717 0.000018438358982120294
152084.55445877113 0.000016776620344162842
159677.69481829714 0.000015264644236784144
167649.93863592704 0.000013888933461897072
176020.2134469277 0.000012637207242875382
184808.3917834637 0.000011498291595787413
194035.33835554656 0.000010462019580813151
203722.9595875978 0.00001
213894.25562822248 0.00001
224573.37495668646 0.00001
235785.67171572943 0.00001
247557.7659068465 0.00001
259917.60659093797 0.00001
272894.5382443892 0.00001
286519.37042811693 0.00001
300824.45093498385 0.00001
315843.74258925894 0.00001
331612.9038804431 0.00001
348169.3736229173 0.00001
365552.4598423909 0.00001
383803.4331002035 0.00001
402965.6244770262 0.00001
423084.52844861726 0.00001
444207.91089785285 0.00001
466385.922519498 0.00001
489671.2178869351 0.00001
514119.0804635628 0.00001
539787.5538556359 0.00001
566737.5796181951 0.00001
595033.1419412289 0.00001
624741.4195596146 0.00001
655932.9452474639 0.00001
688681.7732755688 0.00001
723065.6552295149 0.00001
759166.2246058661 0.00001
797069.1906247245 0.00001
836864.5417187635 0.00001
878646.7591819043 0.00001
922515.0414848218 0.00001
968573.539789904 0.00001
1.0169316052247566e6 0.00001
1.0677040485013898e6 0.00001
1.1210114124974029e6 0.00001
1.1769802584463921e6 0.00001
1.2357434664169776e6 0.00001
1.2974405507939148e6 0.00001
1.362217991510221e6 0.00001
1.430229581816804e6 0.00001
1.501636793415176e6 0.00001
1.576609159820214e6 0.00001
1.6553246788631098e6 0.00001
1.7379702352900922e6 0.00001
1.824742044460327e6 0.00001
1.9158461181963074e6 0.00001
2.0114987538928657e6 0.00001
2.11192704804591e6 0.00001
2.21736943542023e6 0.00001
2.3280762551363176e6 0.00001
2.4443103450203277e6 0.00001
2.566347665628136e6 0.00001
2.6944779554251833e6 0.00001
2.829005418677465e6 0.00001
2.9702494476870107e6 0.00001
3.1185453810863886e6 0.00001
3.274245299992754e6 0.00001
3.437718863911456e6 0.00001
3.6093541883739894e6 0.00001
3.789558766393761e6 0.00001
3.9787604359275373e6 0.00001
4.177408395639435e6 0.00001
4.385974271378982e6 0.00001
4.604953235905455e6 0.00001
4.834865184516664e6 0.00001
5.076255969373612e6 0.00001
5.32969869545126e6 0.00001
5.595795081192499e6 0.00001
5.875176887095467e6 0.00001
6.168507415626255e6 0.00001
6.476483086017718e6 0.00001
6.799835087693615e6 0.00001
7.139331116243209e6 0.00001
7.495777196068259e6 0.00001
7.870019594029256e6 0.00001
8.2629468286347035e6 0.00001
8.675491779543145e6 0.00001
9.108633902386678e6 0.00001
9.563401554174168e6 0.00001
1.0040874434794921e7 0.00001
1.0542186150419835e7 0.00001
1.1068526904885398e7 0.00001
1.162114632545103e7 0.00001
1.220135642963791e7 0.00001
1.2810534740193866e7 0.00001
1.3450127555578979e7 0.00001
1.4121653383737484e7 0.00001
1.4826706547307506e7 0.00001
1.556696096882888e7 0.00001
1.6344174144934963e7 0.00001
1.7160191318964794e7 0.00001
1.801694986190113e7 0.00001
1.891648387203659e7 0.00001
1.9860929004287165e7 0.00001