#Columns: M_EDO [M_sun], f_EDO
1944.4772663738872 0.9999999999999998
2043.5241615120924 0.8864652527781244
2147.616262169626 0.785820644382984
2257.0105587215703 0.6966026961612307
2371.9771320013897 0.6175140851384885
2492.799820096725 0.5474047795763425
2619.776919110122 0.485255316299096
2753.2219196147958 0.4301619766250069
2893.4642806236384 0.3813236453444244
3040.8502429823084 0.33803016166052113
3195.7436841945655 0.2996519927030241
3358.5270167903077 0.265631079456955
3529.6021324542703 0.2354727219965357
3709.3913942463155 0.2087383860270126
3898.3386793630084 0.18503932613393348
4096.910475014865 0.16403093301521118
4305.5970301249345 0.1454077224987608
4524.913565692058 0.12889889348075537
4755.401546807064 0.11426439019223836
4997.630019462342 0.10129141153530082
5252.197015455214 0.09025337589681177
5519.731028853629 0.08046738916165257
5800.892567669399 0.07174247671240377
6096.375784569846 0.06396358846053674
6406.910190653911 0.057028148960482486
6733.262456523795 0.05084470480991659
7076.238305098766 0.04533171870963151
7436.684500844261 0.04041649428100057
7815.490940327419 0.03603421746325906
8213.592849260385 0.03212710185009392
8631.973091455604 0.02864362669561792
9071.664595393617 0.025537857541778765
9533.752904394269 0.02276884050873214
10019.378856687355 0.020300062261055813
10529.741401999554 0.01809896852870913
11066.100561611196 0.01613653483376892
11629.780539191355 0.01438688376237584
12222.172990090861 0.012826943735092517
12844.740457165473 0.011436144776084433
13499.019981611029 0.010196147269419713
14186.626897726088 0.009087486044533032
14909.25882097003 0.008098807923884871
15668.699839163484 0.007217693591665967
16466.82491717774 0.00643244058542718
17305.60452598871 0.005732619618658569
18187.10950752303 0.0051089360649021545
19113.516187307967 0.004553106511777505
20087.111747546634 0.004057748745381459
21110.299873885026 0.0036162837038962153
22185.60668981088 0.003222848098209692
23315.686993336876 0.0028722165390240237
24503.3308113645 0.0025597321361890747
25751.470287911743 0.0022812446485199604
27063.186923209763 0.0020330553626399205
28441.719181541306 0.0018118679687602077
29890.470486604285 0.0016147447809568894
31413.017624138665 0.0014390677204872005
33013.11957256353 0.0012825035439476698
34694.72678342404 0.001142972854454331
36461.99093456264 0.0010186224842687682
38319.27518009175 0.0009124930215170804
40271.16492247604 0.000818225336670704
42322.47913331691 0.0007336962429113303
44478.28225079115 0.0006578996674101322
46743.89668311458 0.0005899334725510836
49124.915948902904 0.0005289887186084004
51627.21848686862 0.00047434003567364596
54256.982168951676 0.0004253369902382292
57020.69955271161 0.0003813963436756716
59925.19391064085 0.00034199511048333043
62977.63607597006 0.00030666433366221765
66185.56214655924 0.0002749835031488713
69556.89209057967 0.0002465755508670091
73099.94929992557 0.00022110236282957293
76823.48113962644 0.0001982607548758441
80736.68054399815 0.00017777886414645737
84849.20871284656 0.00015941291334735795
89171.21896376244 0.00014294430929065325
93713.38179939192 0.00012817704117895731
98486.9112515722 0.00011493534766736221
103503.59256737458 0.00010306162493619851
108775.8113054037 0.00009402371851954137
114316.58391419392 0.0000863463302325429
120139.5898681908 0.00007929582941433904
126259.20544066408 0.00007282102835840177
132690.539196926 0.00006687491902589588
139449.46929549112 0.00006141433176017657
146552.68268926127 0.00005639962186852926
154017.716323527 0.00005179438179567896
161863.0004324895 0.00004756517679941188
170107.90404120553 0.000043681302209268756
178772.78278528497 0.000040114560505976453
187879.0291664113 0.000036839056603174876
197449.12536774934 0.00003383100984515923
207506.6987596461 0.00003106858135570767
218076.58023264934 0.000028531715484524494
229184.86550187334 0.000026201994200172874
240858.9795340517 0.00002406250337237083
253127.74425635298 0.000022097709972836156
266021.4497141097 0.000020293349303143244
279571.92885315506 0.000018636321430845894
293812.6361113798 0.000017114596081979036
308778.7300135588 0.00001571712529944253
324507.15997334616 0.000014433763233155574
341036.75751675904 0.000013255192479644009
358408.33215235657 0.000012172856436276623
376664.7721248087 0.000011178897179030736
395851.1503006125 0.000010266098412770354
416014.8354473551 0.00001
437205.6091812814 0.00001
459475.78887187084 0.00001
482880.3568068844 0.00001
507477.0959367484 0.00001
533326.7325334378 0.00001
560493.0861160374 0.00001
589043.2270131595 0.00001
619047.6419511858 0.00001
650580.4080771867 0.00001
683719.3758461213 0.00001
718546.361223882 0.00001
755147.347680668 0.00001
793612.6984734299 0.00001
834037.3797414339 0.00001
876521.1949657929 0.00001
921169.031371763 0.00001
968091.1188821958 0.00001
1.0174033022614142e6 0.00001
1.069227327121459e6 0.00001
1.1236911404967585e6 0.00001
1.180929206729367e6 0.00001
1.2410828394445973e6 0.00001
1.3043005504366762e6 0.00001
1.3707384163258045e6 0.00001
1.4405604638917865e6 0.00001
1.5139390750356524e6 0.00001
1.5910554123689847e6 0.00001
1.6720998664817673e6 0.00001
1.757272525992911e6 0.00001
1.8467836715440492e6 0.00001
1.9408542949561088e6 0.00001
2.0397166448305007e6 0.00001
2.143614799941833e6 0.00001
2.2528052718379046e6 0.00001
2.367557638134593e6 0.00001
2.4881552080693026e6 0.00001
2.614895721955993e6 0.00001
2.7480920862688078e6 0.00001
2.888073146168973e6 0.00001
3.035184497382408e6 0.00001
3.1897893394322973e6 0.00001
3.352269372333321e6 0.00001
3.523025738961196e6 0.00001
3.702480015424307e6 0.00001
3.891075251882325e6 0.00001
4.089277066381677e6 0.00001
4.297574794408239e6 0.00001
4.516482696995407e6 0.00001
4.746541230370318e6 0.00001
4.988318380272592e6 0.00001
5.242411064240155e6 0.00001
5.509446605323878e6 0.00001
5.790084280869805e6 0.00001
6.0850169501923565e6 0.00001
6.394972765157399e6 0.00001
6.720716967898011e6 0.00001
7.063053780101692e6 0.00001
7.422828388532987e6 0.00001
7.800929031694e6 0.00001
8.198289192774016e6 0.00001
8.615889904302854e6 0.00001
9.054762170197321e6 0.00001
9.515989511181049e6 0.00001
1.000071063986148e7 0.00001
1.0510122272068987e7 0.00001
1.1045482081398401e7 0.00001
1.1608111804247964e7 0.00001
1.2199400503020957e7 0.00001
1.2820807995547215e7 0.00001
1.347386845919052e7 0.00001
1.4160194218540814e7 0.00001
1.4881479726041686e7 0.00001
1.5639505745381696e7 0.00001
1.6436143747977072e7 0.00001
1.7273360533400416e7 0.00001
1.8153223085163046e7 0.00001
1.907790367383845e7 0.00001
2.004968522012687e7 0.00001
2.107096693110062e7 0.00001
2.214427022354655e7 0.00001
2.3272244949028328e7 0.00001
2.445767593603883e7 0.00001
2.570348986539294e7 0.00001
2.7012762495836757e7 0.00001
2.8388726257710777e7 0.00001
2.983477823341646e7 0.00001
3.1354488544387273e7 0.00001
3.2951609165272385e7 0.00001
3.46300831870922e7 0.00001
3.639405455223738e7 0.00001
3.824787828534364e7 0.00001
4.019613124530337e7 0.00001