#Columns: M_EDO [M_sun], f_EDO
3454.2404904724194 0.9999999999999999
3626.145474169008 0.8839304709370726
3806.605543564247 0.781333077451033
3996.0464541524557 0.6906441151100039
4194.91514973015 0.610481377919102
4403.6808168607295 0.5396230918823448
4622.835991816105 0.47698929373608023
4852.897722606737 0.421625371044074
5094.408788841685 0.37268751278600637
5347.938982296691 0.32942984868930086
5614.086451211443 0.2911930812926616
5893.479111487611 0.2573944374806396
6186.7761281171415 0.22751878633884406
6494.669470335756 0.20111078795552564
6817.885544170878 0.17776795350805355
7157.186906235463 0.157134510861893
7513.374062811111 0.13889598218661964
7887.287358465086 0.12277439094548565
8279.808958656802 0.1085240252074554
8691.864931011554 0.09621530141841826
9124.427430171587 0.0858065585945279
9578.516991379247 0.07652385212428106
10055.204938203513 0.06824536538763226
10555.615910090226 0.06086246010364697
11080.93051569935 0.0542782506742839
11632.388118289091 0.04840633275820998
12211.289759718637 0.043169649389763906
12819.001229967675 0.038499479763194074
13456.956289414842 0.03433453741201895
14126.660051477247 0.03062016594895203
14829.69253359152 0.027307621812116135
15567.71238491456 0.02435343460504931
16342.460799538092 0.021718836636270715
17155.76562444984 0.019369254172272428
18009.545671932963 0.017273853727669552
18905.81524657778 0.015405137438491145
19846.68889758671 0.013738582208708942
20834.38640758385 0.012252317894538747
21871.238029699573 0.010926840303337354
22959.689985285768 0.00976303999868295
24102.31023523242 0.008779433400258448
25301.794538501385 0.007894923183759561
26560.972812171804 0.00709952558847696
27882.815808001393 0.006384262697466443
29270.44212125613 0.005741061100817213
30727.125548343894 0.005162660768391674
32256.30281061051 0.004642533103453063
33861.58166252156 0.00417480725222471
35546.74940335838 0.0037542038376128166
37315.781812510446 0.0033759753691230262
39172.85252944482 0.0030358526563577406
41122.34290048211 0.00272999662124565
43168.852315611475 0.002454954965091833
45317.209059730565 0.0022076232013353617
47572.481703912454 0.0019852096141779463
49939.991063574686 0.0017852037475601075
52425.32275176223 0.001605348068809525
55034.340357162815 0.001443612487119597
57773.19927794302 0.001298171439240008
60648.36124404466 0.0011673832837377335
63666.60956220286 0.0010497717712447236
66835.0651196534 0.0009452619467190424
70161.20318428571 0.000852108527567564
73652.8710408796 0.000768135166419827
77318.30650503217 0.0006924371893978401
81166.157358456 0.0006241990761807201
85205.50175150156 0.000562685674124017
89445.86962103815 0.0005072342782076355
93897.26517422641 0.0004572474914868984
98570.19049122484 0.0004121867891299658
103475.67030251796 0.0003715667167047524
108625.27799932193 0.0003349496602114946
114031.16293843254 0.0003019411315167487
119706.0791059381 0.00027218551839714914
125663.41520741912 0.00024536225340672155
131917.22625562863 0.00022118236029362124
138482.26673017666 0.00019938534075965918
145374.02538745006 0.00017973636802261808
152608.76180289846 0.00016202375694661971
160203.54473189363 0.00014605668348541354
168176.29237967118 0.00013166312886934514
176545.8146753604 0.00011868802638803554
185331.85764983727 0.00010699159080342125
194555.15002210534 0.00009649967967776603
204237.45210410756 0.00008712411397187243
214401.6071393546 0.00007865944488863119
225071.59519648968 0.00007101717295151101
236272.58974494046 0.00006411739697839813
248031.01704613277 0.00005788797870189021
260374.6185003941 0.000052263788552106856
273332.5160966307 0.000047186024716564135
286935.28111919947 0.0000426015983577687
301215.0062740708 0.00003846257856088339
316205.38140444586 0.00003472569120830548
331941.7729744696 0.0000313518665418071
348461.3075085543 0.000028305830681930035
365802.95918317686 0.00002555573683390372
384007.64177780144 0.000023072832324283848
403118.3052018615 0.000020831157987128152
423180.0368255461 0.000018807276756741342
444240.1678534434 0.000016980028629384284
466348.3849920167 0.00001533030943203207
489556.8476743653 0.000013840871085172784
513920.3111188301 0.000012496141271362437
539496.2555117887 0.000011282060624141559
566345.0216193971 0.000010185935735098168
594529.9531482414 0.00001
624117.5461907584 0.00001
655177.6061080134 0.00001
687783.4122199569 0.00001
722011.8906917282 0.00001
757943.7960238697 0.00001
795663.9015746543 0.00001
835261.1995640177 0.00001
876829.1110309487 0.00001
920465.7062397134 0.00001
966273.9360548778 0.00001
1.0143618748310325e6 0.00001
1.0648429753902555e6 0.00001
1.1178363366888643e6 0.00001
1.1734669848049926e6 0.00001
1.231866167909872e6 0.00001
1.2931716659187742e6 0.00001
1.3575281155521532e6 0.00001
1.4250873515738866e6 0.00001
1.496008765011727e6 0.00001
1.570459679205059e6 0.00001
1.648615744567194e6 0.00001
1.7306613529935498e6 0.00001
1.8167900728934188e6 0.00001
1.907205105871668e6 0.00001
2.0021197661378619e6 0.00001
2.1017579837737964e6 0.00001
2.206354833046846e6 0.00001
2.3161570870155473e6 0.00001
2.431423799735857e6 0.00001
2.552426917441749e6 0.00001
2.679451920141995e6 0.00001
2.812798495146912e6 0.00001
2.9527812441140837e6 0.00001
3.0997304252811437e6 0.00001
3.253992732636848e6 0.00001
3.4159321138685965e6 0.00001
3.5859306290162564e6 0.00001
3.764389351858063e6 0.00001
3.951729316155184e6 0.00001
4.1483925089875055e6 0.00001
4.354842913524051e6 0.00001
4.571567603688335e6 0.00001
4.799077893301219e6 0.00001
5.037910542412392e6 0.00001
5.28862902366667e6 0.00001
5.55182485169264e6 0.00001
5.828118978650203e6 0.00001
6.11816325922941e6 0.00001
6.422641988556999e6 0.00001
6.742273516638854e6 0.00001
7.07781194314755e6 0.00001
7.43004889655316e6 0.00001
7.799815401794994e6 0.00001
8.187983840900591e6 0.00001
8.595470011177475e6 0.00001
9.023235285833813e6 0.00001
9.472288882125137e6 0.00001
9.943690242378546e6 0.00001
1.0438551533511842e7 0.00001
1.0958040270944519e7 0.00001
1.1503382073091496e7 0.00001
1.2075863552937727e7 0.00001
1.2676835353516117e7 0.00001
1.3307715334450098e7 0.00001
1.3969991917078719e7 0.00001
1.466522759605672e7 0.00001
1.5395062625713877e7 0.00001
1.61612188898712e7 0.00001
1.696550396424376e7 0.00001
1.7809815381014567e7 0.00001
1.8696145105640616e7 0.00001
1.962658423645361e7 0.00001
2.0603327938142385e7 0.00001
2.162868062075698e7 0.00001
2.270506137645289e7 0.00001
2.383500968680211e7 0.00001
2.502119141413673e7 0.00001
2.626640509105942e7 0.00001
2.757358852296026e7 0.00001
2.8945825719116762e7 0.00001
3.0386354168729294e7 0.00001
3.189857247905886e7 0.00001
3.348604839368666e7 0.00001
3.5152527209813505e7 0.00001
3.690194061445768e7 0.00001
3.873841596039784e7 0.00001
4.066628600374653e7 0.00001
4.269009912612667e7 0.00001
4.481463006556884e7 0.00001
4.704489118144644e7 0.00001
4.938614428002507e7 0.00001
5.184391302852759e7 0.00001
5.4423995987000905e7 0.00001
5.713248028873204e7 0.00001