#Columns: M_EDO [M_sun], f_EDO
6876.109754772123 1.
7213.399770548314 0.8830990395273894
7567.234687264082 0.7798639136141956
7938.426072811423 0.6886970730747671
8327.825304474129 0.6081877237576512
8736.325521675873 0.537089994702731
9164.863674515424 0.4743036584617511
9614.422672787465 0.41885710523189934
10086.033640418245 0.369892307329512
10580.778280486691 0.32665154133126195
11099.791356255726 0.28846566240977883
11644.26329390414 0.2547437494107078
12215.442912928882 0.22496396043020206
12814.640290480267 0.19866545738418906
13443.22976619982 0.17544127460324688
14102.653094452786 0.1549320210955883
14794.422751185379 0.13682031902155053
15520.12540299134 0.12082589231576225
16281.425546344986 0.10670122945408944
17080.06932534726 0.09471629335971922
17917.888536741702 0.08455320376633761
18796.804831386267 0.07548061704653052
19718.834121817566 0.06738152188141233
20686.09120601697 0.060151462305301086
21700.794617983775 0.05369719051216841
22765.271716240655 0.04793546421640381
23881.96402194318 0.04279197305716431
25053.432818836256 0.03820038019989475
26282.365027902353 0.03410146677432062
27571.579370175547 0.03044236811452722
28924.03283185669 0.027175891950731095
30342.82744655832 0.024259909759299644
31831.217410235324 0.021656813421114807
33392.61654512006 0.019333030180674542
35030.6061297824 0.017258589650241934
36748.94311327277 0.015406737274593423
38551.56873218931 0.013753589271126734
40442.6175504332 0.01227782459500947
42426.426942386126 0.010960409956569111
44507.54704126095 0.009795073825128514
46690.75117544278 0.008794051642560557
48981.04681675912 0.007895330415338384
51383.6870657885 0.007088455344710375
53904.182700552126 0.00636404007568055
56548.31481622318 0.005713657505805019
59322.148084844855 0.005129741752946292
62232.04466547005 0.0046055001415792746
65284.678796627486 0.004134834183787946
68487.05210458349 0.003712268635727087
71846.50966251268 0.003332887804264563
75370.75683740908 0.0029922783628614745
79067.87696338003 0.0026864780114687
82946.34988185838 0.0024119293832018875
87015.07139125736 0.0021654386615925624
91283.3736506788 0.0019441384270110246
95761.04658447321 0.0017454543000544477
100458.36033674504 0.0015670749938637475
105386.08882730838 0.0014069254269885255
110555.5344631179 0.001263142584022977
115978.554061857 0.0011340538432000758
121667.58604714126 0.0010181575188296136
127635.67897771308 0.0009166694939764013
133896.5214760633 0.0008257609279574179
140464.47362512513 0.0007438680076318171
147354.5999050514 0.0006700966272972728
154582.7037456243 0.0006036413521058846
162165.3637735424 0.0005437766243383438
170119.97183772718 0.0004898488417754003
178464.77289986407 0.000441269221678423
187218.90688167172 0.0003975073724680996
196402.4525648828 0.000358085502916956
206036.4736446245 0.0003225732056317522
216143.0670418338 0.0002905827578718702
226745.41358551118 0.00026176488839812774
237867.83118106492 0.0002358049641345132
249535.83058669232 0.00021241955500887858
261776.1739257291 0.00019135333946757133
274616.9360691726 0.00017237631687845847
288087.56902916875 0.00015528129638739944
302218.9695111544 0.00013988163481154386
317043.549779603 0.00012600919887179604
332595.3119999031 0.00011351252951614395
348909.92622689094 0.0001022551882919514
366024.8122189104 0.00009196497743596455
383979.22526505374 0.00008267388153179691
402814.34622243757 0.00007432145234084136
422573.37597002933 0.00006681285764873019
443301.6344956604 0.00006006284601002695
465046.6648435083 0.00005399477881624131
487858.3421604493 0.000048539760152692654
511788.98809140536 0.00004363585456474222
536893.490786062 0.000039227383852033975
563229.4307922097 0.00003526429490665123
590857.2131244618 0.000031701591417720495
619840.2058112677 0.00002849882299012119
650244.8852379895 0.000025619625876834402
682140.9886194251 0.000023031310110473203
715601.6739514697 0.00002070448834635075
750703.6878088037 0.00001861274220302557
787527.5413734664 0.000016732322312004853
826157.6950980625 0.000015041878671016342
866682.7524271532 0.000013522218239320115
909195.6630211459 0.000012156087022835134
953793.9359488313 0.000010927974174906564
1.0005798633375192e6 0.00001
1.0496607549937689e6 0.00001
1.101149184532839e6 0.00001
1.1551632475813907e6 0.00001
1.211826832645663e6 0.00001
1.2712699052664014e6 0.00001
1.3336288061122638e6 0.00001
1.3990465636954682e6 0.00001
1.467673222426879e6 0.00001
1.5396661867630137e6 0.00001
1.615190582234298e6 0.00001
1.6944196341826431e6 0.00001
1.7775350650770257e6 0.00001
1.8647275113183758e6 0.00001
1.9561969604897434e6 0.00001
2.0521532100546968e6 0.00001
2.1528163485559598e6 0.00001
2.25841726041804e6 0.00001
2.36919815551166e6 0.00001
2.4854131246946137e6 0.00001
2.607328722603272e6 0.00001
2.7352245790314334e6 0.00001
2.8693940402987828e6 0.00001
3.0101448420800962e6 0.00001
3.157799815238311e6 0.00001
3.3126976262804624e6 0.00001
3.4751935541347903e6 0.00001
3.6456603050306663e6 0.00001
3.8244888673503837e6 0.00001
4.0120894084134796e6 0.00001
4.208892215250602e6 0.00001
4.415348681524564e6 0.00001
4.63193234286232e6 0.00001
4.859139962972517e6 0.00001
5.097492673039758e6 0.00001
5.347537167008947e6 0.00001
5.609846955501273e6 0.00001
5.8850236812377805e6 0.00001
6.173698498987797e6 0.00001
6.476533523207107e6 0.00001
6.794223346686364e6 0.00001
7.1274966336929295e6 0.00001
7.477117791260202e6 0.00001
7.843888722457792e6 0.00001
8.2286506656639e6 0.00001
8.63228612405843e6 0.00001
9.055720889762625e6 0.00001
9.499926167267544e6 0.00001
9.965920801021978e6 0.00001
1.0454773612289006e7 0.00001
1.0967605850631068e7 0.00001
1.1505593765646394e7 0.00001
1.2069971304855425e7 0.00001
1.2662032943925027e7 0.00001
1.3283136655722408e7 0.00001
1.3934707025008114e7 0.00001
1.4618238515912501e7 0.00001
1.533529889968988e7 0.00001
1.6087532850612385e7 0.00001
1.6876665718251307e7 0.00001
1.7704507484797854e7 0.00001
1.8572956916500546e7 0.00001
1.9484005918740418e7 0.00001
2.043974410473352e7 0.00001
2.1442363588339385e7 0.00001
2.2494164011968534e7 0.00001
2.3597557821121097e7 0.00001
2.4755075797654565e7 0.00001
2.5969372864471592e7 0.00001
2.7243234174942445e7 0.00001
2.8579581501028046e7 0.00001
2.9981479934756313e7 0.00001
3.1452144918422308e7 0.00001
3.299494961963687e7 0.00001
3.461343266813946e7 0.00001
3.6311306272120684e7 0.00001
3.809246473266996e7 0.00001
3.996099337587834e7 0.00001
4.192117792308224e7 0.00001
4.397751432074079e7 0.00001
4.613471905249277e7 0.00001
4.839773995704509e7 0.00001
5.077176757670527e7 0.00001
5.326224706258723e7 0.00001
5.587489066379613e7 0.00001
5.8615690829239294e7 0.00001
6.1490933952112004e7 0.00001
6.450721478858448e7 0.00001
6.767145158376066e7 0.00001
7.09909019396023e7 0.00001
7.447317946121366e7 0.00001
7.81262712196666e7 0.00001
8.195855607142137e7 0.00001
8.597882387635837e7 0.00001
9.01962956585022e7 0.00001
9.462064475567837e7 0.00001
9.926201900661248e7 0.00001