#Columns: M_EDO [M_sun], f_EDO
16110.38137463466 1.0000000000000002
16891.708899062578 0.8781523945375627
17710.929548813394 0.771151628032055
18569.88107937612 0.6771886487078888
19470.4903744183 0.5946748334164854
20414.777768358836 0.5222151289359127
21404.861578578977 0.4585844659388137
22442.962857437913 0.4027070468618985
23531.410374753585 0.3536381574989266
24672.645841925794 0.31054819480753404
25869.229389420852 0.2727086408895534
27123.845309905442 0.2394797460082442
28439.30807991295 0.21029971240038695
29818.568673551454 0.18467519601496052
31264.721182415833 0.16217296559223127
32781.00975655519 0.14241257806407562
34370.83588206599 0.12505994643923557
36037.766011636675 0.10982169142635403
37785.53956516153 0.0968344773838975
39618.07731837102 0.08628830807762572
41539.49019829787 0.07689071405199091
43554.08850530846 0.06851660484646872
45666.39158238809 0.06105451350748103
47881.13795337103 0.054405112862612945
50203.29595285832 0.048479893386276396
52638.074871669625 0.04319998505801895
55190.93664283088 0.038495107531349514
57867.608094314695 0.034302634638876825
60674.09379601778 0.030566760781484206
63616.68952979662 0.02723775810542447
66701.99641277801 0.024271314579692692
69936.93570562747 0.021627944162889195
73328.76433899473 0.019272461208360944
76885.09119296698 0.017173512111479296
80613.89416604856 0.015303157964857062
84523.53807196021 0.013636502666267704
88622.79340440272 0.012151361529049151
92920.85601188206 0.010827965983896135
97427.36772673173 0.009670977188354513
102152.43799460935 0.008682036510376832
107106.66655298935 0.007794223530822043
112301.16720952465 0.006997197071886479
117747.59277362298 0.006281673430227239
123458.1611971621 0.005639318241094558
129445.6829829888 0.005062649400287489
135723.58992268553 0.0045449499131754246
142305.96522807254 0.004080189655657425
149207.5751240395 0.003662955135737095
156443.90197357704 0.0032883864375811626
164031.17900932202 0.0029521206135907875
171986.4267495235 0.002650240865121119
180327.49118012618 0.00237923091990968
189073.08378862272 0.0021359340748055193
198242.82353948368 0.0019175164267319221
207857.28088532816 0.0017214338635997116
217938.0239125636 0.0015454024306839123
228507.6667250186 0.0013873717272934372
239589.9201740998 0.0012455010238604076
251209.64504928188 0.001118137821262678
263392.9078482498 0.0010037986026402274
276167.03925180325 0.000909876296026179
289560.6954347006 0.0008250315282403919
303603.92234997597 0.0007480984234488681
318328.2231309494 0.0006783392294841052
333766.62876211863 0.000615084988597814
349953.77217747876 0.0005577291224718088
366925.96595249063 0.0005057216154182042
384721.28376398375 0.0004585637399885377
403379.64580073435 0.0004158032744129073
422942.908316315 0.00037703016600662277
443454.9575251205 0.0003418725989584677
464961.80805219244 0.00030999342879254986
487511.70615770435 0.00028108694931188675
511155.2379676686 0.00025487596102024846
535945.442953657 0.00023110911290981118
561937.9329161064 0.00020955849212361146
589191.0167381174 0.0001900174383788118
617765.8311896222 0.0001722985621921134
647726.4780753319 0.00015623194790305
679140.1680341451 0.00014166352426299338
712077.3713125942 0.00012845358696458991
746611.9758505594 0.00011647545894338468
782821.4530338895 0.00010561427560455637
820787.031485747 0.00009508733336137345
860593.8792865702 0.00008484450310275949
902331.2950313942 0.00007570503296581444
946092.9081531509 0.00006755006873472583
991976.8889613256 0.00006027355919819307
1.040086168867149e6 0.00005378087700672464
1.0905286712893583e6 0.000047987588091514844
1.143417553758505e6 0.00004281835364181535
1.1988714617629529e6 0.00003820595036156337
1.2570147949059752e6 0.00003409039626420245
1.317977985971055e6 0.000030418170637093223
1.3818977935213968e6 0.00002714151803154369
1.448917608690047e6 0.00002421782722719998
1.51918777684884e6 0.00002160907709454115
1.5928659348777572e6 0.00001928134214919878
1.6701173647913353e6 0.00001720435136808251
1.751115364515354e6 0.000015351094529938736
1.8360416366456128e6 0.000013697470960997915
1.9250866960608764e6 0.000012221976117824736
2.018450297304393e6 0.000010905421931538485
2.116341882692725e6 0.00001
2.218981052157141e6 0.00001
2.3265980558715374e6 0.00001
2.4394343107720604e6 0.00001
2.5577429421270574e6 0.00001
2.6817893513723155e6 0.00001
2.811851811485393e6 0.00001
2.9482220912346435e6 0.00001
3.091206109703319e6 0.00001
3.2411246225570054e6 0.00001
3.3983139415939837e6 0.00001
3.5631266891925624e6 0.00001
3.735932589347922e6 0.00001
3.9171192970729577e6 0.00001
4.1070932680237386e6 0.00001
4.306280670300394e6 0.00001
4.515128340468843e6 0.00001
4.734104785948108e6 0.00001
4.96370123601173e6 0.00001
5.204432743761079e6 0.00001
5.456839341542608e6 0.00001
5.72148725240096e6 0.00001
5.998970160285623e6 0.00001
6.289910541860496e6 0.00001
6.594961062904189e6 0.00001
6.914806042433378e6 0.00001
7.250162987833823e6 0.00001
7.601784204442767e6 0.00001
7.970458483193492e6 0.00001
8.35701287010791e6 0.00001
8.762314521606632e6 0.00001
9.187272649798738e6 0.00001
9.632840562114801e6 0.00001
1.0100017799858913e7 0.00001
1.0589852380477006e7 0.00001
1.1103443148571583e7 0.00001
1.1641942240936905e7 0.00001
1.220655767114427e7 0.00001
1.2798556039475761e7 0.00001
1.3419265374285184e7 0.00001
1.4070078111160528e7 0.00001
1.4752454216570994e7 0.00001
1.5467924463005867e7 0.00001
1.6218093862952366e7 0.00001
1.700464526941574e7 0.00001
1.782934315105908e7 0.00001
1.8694037550431035e7 0.00001
1.960066823416133e7 0.00001
2.055126904443405e7 0.00001
2.1547972461500358e7 0.00001
2.259301438746579e7 0.00001
2.3688739162083257e7 0.00001
2.483760482180442e7 0.00001
2.6042188613886096e7 0.00001
2.7305192777922153e7 0.00001
2.8629450607770383e7 0.00001
3.001793280747299e7 0.00001
3.1473754155429028e7 0.00001
3.300018049176851e7 0.00001
3.460063604460254e7 0.00001
3.6278711111585476e7 0.00001
3.8038170114019774e7 0.00001
3.988296004157225e7 0.00001
4.181721930654548e7 0.00001
4.3845287027566984e7 0.00001
4.597171276352253e7 0.00001
4.820126671956902e7 0.00001
5.053895044812351e7 0.00001
5.299000806883195e7 0.00001
5.555993803268886e7 0.00001
5.825450545669771e7 0.00001
6.107975505674242e7 0.00001
6.404202470768248e7 0.00001
6.714795966109012e7 0.00001
7.04045274525261e7 0.00001
7.381903353179309e7 0.00001
7.739913765123175e7 0.00001
8.115287104882266e7 0.00001
8.508865446464095e7 0.00001
8.92153170310801e7 0.00001
9.354211607922035e7 0.00001
9.807875790577573e7 0.00001
1.0283541954720296e8 0.00001
1.0782277160981923e8 0.00001
1.1305200220714712e8 0.00001
1.1853484205817634e8 0.00001
1.2428359080285798e8 0.00001
1.3031114459384993e8 0.00001
1.3663102502642566e8 0.00001
1.4325740947142902e8 0.00001
1.5020516287933376e8 0.00001
1.574898711267491e8 0.00001
1.6512787598017052e8 0.00001
1.7313631175542593e8 0.00001
1.815331437550352e8 0.00001
1.9033720856973064e8 0.00001
1.9956825633452472e8 0.00001
2.092469950341412e8 0.00001