#Columns: M_EDO [M_sun], f_EDO
0.0001 1.1590486673041913
0.0001122018454301963 1.1215898007037997
0.00012589254117941674 1.093871870632474
0.0001412537544622754 1.0729894992453608
0.00015848931924611142 1.0570517901058707
0.00017782794100389227 1.0447834301921548
0.00019952623149688788 1.0352358898586176
0.000223872113856834 1.0277943322791652
0.00025118864315095795 1.0219624256655555
0.0002818382931264455 1.017383082684938
0.00031622776601683794 1.013761884619858
0.0003548133892335753 1.010910514674069
0.00039810717055349735 1.0086509007785491
0.00044668359215096305 1.006864282772765
0.0005011872336272725 1.0054477630167404
0.0005623413251903491 1.0043253754692754
0.000630957344480193 1.003683890730515
0.000707945784384138 1.0689101781759776
0.0007943282347242813 1.0921305142196882
0.0008912509381337459 1.0520660616818005
0.001 1.0335723672481436
0.0011220184543019641 1.024150616306254
0.0012589254117941675 1.0194301218269803
0.001412537544622754 1.0153580516202967
0.001584893192461114 1.0121379060478897
0.0017782794100389228 1.0098132063441847
0.0019952623149688807 1.008044161015035
0.00223872113856834 1.0066821764849703
0.0025118864315095794 1.0056170409685532
0.002818382931264455 1.0047785156362559
0.0031622776601683794 1.0041219403891821
0.0035481338923357567 1.0036033105786248
0.003981071705534973 1.0085593924143106
0.0044668359215096305 1.0094763282783707
0.005011872336272725 1.005166347101761
0.005623413251903491 1.00367714581456
0.006309573444801936 1.0027589089696947
0.00707945784384138 1.002055315437415
0.007943282347242814 1.001599302681308
0.008912509381337459 1.0012867539886783
0.01 1.0010167356338635
0.011220184543019636 1.000802183430863
0.012589254117941675 1.0006360680725634
0.014125375446227547 1.000509009641482
0.01584893192461114 1.001694432195736
0.017782794100389236 1.0017882845241608
0.0199526231496888 1.0015744206727095
0.0223872113856834 1.001558166589004
0.025118864315095808 1.0015616377559602
0.02818382931264455 1.001571358461271
0.03162277660168381 0.01802878921385055
0.03548133892335755 0.01802879276938726
0.039810717055349734 0.018028828198408436
0.04466835921509633 0.01802884869168854
0.05011872336272725 0.018028906174766633
0.05623413251903494 0.018028840140780693
0.06309573444801936 0.01802887918605677
0.0707945784384138 0.01802889644996326
0.07943282347242818 0.018028843675033174
0.08912509381337459 0.01802892302300148
0.10000000000000005 0.01802873943279491
0.11220184543019639 0.0180289147893525
0.12589254117941678 0.018028931065639596
0.14125375446227548 0.018028913558498387
0.15848931924611143 0.018028944875029533
0.17782794100389238 0.01802893802828165
0.19952623149688803 0.018028889428271536
0.22387211385683406 0.018028935909268063
0.25118864315095807 0.01802893841967464
0.2818382931264455 0.01802893881784573
0.3162277660168381 0.018028928035048943
0.35481338923357564 0.018028909490763002
0.3981071705534974 0.01802893686005055
0.4466835921509633 0.018028916808254008
0.5011872336272725 0.018028934991489255
0.5623413251903494 0.018028949256573407
0.6309573444801936 0.018028940196399817
0.7079457843841382 0.018028939886612073
0.7943282347242819 0.018028939886612073
0.891250938133746 0.018028953976106425
1.0000000000000004 0.018028939886612073
1.122018454301964 0.018028945383392784
1.258925411794168 0.018028945383392784
1.412537544622755 0.018028945383392784
1.5848931924611143 0.018028945383392784
1.7782794100389236 0.018028945383392784
1.9952623149688808 0.018028945383392784
2.2387211385683408 0.018028945383392784
2.5118864315095815 0.018028945383392784
2.8183829312644555 0.018028945383392784
3.162277660168381 0.018028945383392784
3.548133892335757 0.018028945383392784
3.9810717055349754 0.018028945383392784
4.466835921509634 0.018028945383392784
5.011872336272726 0.018017168133502116
5.623413251903494 0.018012550049186424
6.309573444801936 0.018009544686252522
7.079457843841384 0.01800738332194959
7.943282347242819 0.01800577555949279
8.912509381337461 0.018004478231447397
10.000000000000005 0.018003567043970287
11.220184543019641 0.018002825753949018
12.589254117941682 0.018002239432059402
14.125375446227554 0.018001783666825432
15.848931924611142 0.018001409429557295
17.782794100389236 0.01800113093655351
19.952623149688808 0.018000889114837063
22.38721138568341 0.01800069903599189
25.11886431509582 0.01800056558804442
28.183829312644566 0.01800044153913709
31.62277660168381 0.018000319100400054
35.48133892335757 0.0180002587617064
39.810717055349755 0.018000202012363624
44.668359215096345 0.0180001643774319
50.11872336272727 0.018000135232596286
56.23413251903494 0.018000105484416787
63.095734448019364 0.018000091222121917
70.79457843841384 0.018000065445074945
79.43282347242821 0.01800005438108821
89.12509381337463 0.01800004023812864
100.0000000000001 0.018000013876320182
112.20184543019641 0.018000013876320182
125.89254117941688 0.018000013876320182
141.25375446227554 0.018000013876320182
158.48931924611142 0.018000013876320182
177.82794100389245 0.018000005336493003
199.52623149688807 0.018000005336493003
223.87211385683423 0.018000005336493003
251.18864315095823 0.018000005336493003
281.8382931264455 0.01799999976963808
316.22776601683825 0.01799999976963808
354.81338923357566 0.01799999976963808
398.1071705534977 0.01799999976963808
446.6835921509635 0.01799999976963808
501.18723362727246 0.01799999976963808
562.3413251903496 0.01799999976963808
630.9573444801937 0.01799999976963808
707.9457843841387 0.01799999976963808
794.3282347242822 0.01799999976963808
891.2509381337459 0.01799999976963808
1000.000000000001 0.01799999976963808
1122.018454301964 0.01799999976963808
1258.9254117941687 0.01799999976963808
1412.5375446227554 0.01799999976963808
1584.893192461114 0.01799999976963808
1778.2794100389247 0.01799999976963808
1995.262314968881 0.01799999976963808
2238.721138568342 0.01799999976963808
2511.886431509582 0.01799999976963808
2818.382931264458 0.01799999976963808
3162.2776601683827 0.01799999976963808
3548.1338923357566 0.01799999976963808
3981.0717055349774 0.01799999976963808
4466.835921509635 0.01799999976963808
5011.87233627273 0.01799999976963808
5623.4132519034965 0.01799999976963808
6309.573444801937 0.01799999976963808
7079.457843841388 0.01799999976963808
7943.282347242822 0.01799999976963808
8912.509381337468 0.01799999976963808
10000. 0.01799999976963808
11220.184543019654 0.01799999976963808
12589.254117941688 0.01799999976963808
14125.375446227554 0.01799999976963808
15848.93192461114 0.01799999976963808
17782.794100389263 0.01799999976963808
19952.62314968883 0.01799999976963808
22387.211385683422 0.01799999976963808
25118.864315095823 0.01799999976963808
28183.82931264455 0.01799999976963808
31622.776601683858 0.01799999976963808
35481.3389233576 0.01799999976963808
39810.71705534977 0.01799999976963808
44668.359215096345 0.01799999976963808
50118.72336272725 0.01799999976963808
56234.132519035025 0.01799999976963808
63095.73444801943 0.01799999976963808
70794.57843841388 0.01799999976963808
79432.82347242821 0.01799999976963808
89125.0938133746 0.01799999976963808
100000.0000000002 0.01799999976963808
112201.84543019652 0.01799999976963808
125892.54117941688 0.01799999976963808
141253.75446227554 0.01799999976963808
158489.3192461114 0.01799999976963808
177827.94100389266 0.01799999976963808
199526.2314968883 0.01799999976963808
223872.11385683424 0.01799999976963808
251188.6431509582 0.01799999976963808
281838.2931264455 0.01799999976963808
316227.7660168386 0.01799999976963808
354813.389233576 0.01799999976963808
398107.17055349774 0.01799999976963808
446683.5921509635 0.01799999976963808
501187.2336272725 0.01799999976963808
562341.3251903502 0.01799999976963808
630957.3444801943 0.01799999976963808
707945.7843841388 0.01799999976963808
794328.2347242822 0.01799999976963808
891250.9381337459 0.01799999976963808
1.0000000000000021e6 0.01799999976963808
1.1220184543019652e6 0.01799999976963808
1.2589254117941686e6 0.01799999976963808
1.4125375446227554e6 0.01799999976963808
1.5848931924611141e6 0.01799999976963808
1.7782794100389264e6 0.01799999976963808
1.9952623149688828e6 0.01799999976963808
2.238721138568342e6 0.01799999976963808
2.5118864315095823e6 0.01799999976963808
2.818382931264455e6 0.01799999976963808
3.1622776601683856e6 0.01799999976963808
3.5481338923357604e6 0.01799999976963808
3.9810717055349774e6 0.01799999976963808
4.466835921509635e6 0.01799999976963808
5.011872336272725e6 0.01799999976963808
5.623413251903502e6 0.01799999976963808
6.309573444801942e6 0.01799999976963808
7.079457843841388e6 0.01799999976963808
7.943282347242822e6 0.01799999976963808
8.912509381337458e6 0.01799999976963808
1.000000000000002e7 0.01799999976963808
1.1220184543019652e7 0.01799999976963808
1.2589254117941687e7 0.01799999976963808
1.4125375446227554e7 0.01799999976963808
1.5848931924611174e7 0.01799999976963808
1.7782794100389265e7 0.01799999976963808
1.995262314968883e7 0.01799999976963808
2.2387211385683425e7 0.01799999976963808
2.5118864315095823e7 0.01799999976963808
2.818382931264461e7 0.01799999976963808
3.162277660168386e7 0.01799999976963808
3.5481338923357606e7 0.01799999976963808
3.9810717055349775e7 0.01799999976963808
4.466835921509635e7 0.01799999976963808
5.011872336272735e7 0.01799999976963808
5.623413251903503e7 0.01799999976963808
6.309573444801943e7 0.01799999976963808
7.079457843841387e7 0.01799999976963808
7.943282347242822e7 0.01799999976963808
8.912509381337477e7 0.01799999976963808
1.e8 0.01799999976963808
1.1220184543019652e8 0.01799999976963808
1.2589254117941713e8 0.01799999976963808
1.4125375446227553e8 0.01799999976963808
1.5848931924611175e8 0.01799999976963808
1.7782794100389227e8 0.01799999976963808
1.9952623149688828e8 0.01799999976963808
2.2387211385683468e8 0.01799999976963808
2.511886431509582e8 0.01799999976963808
2.8183829312644607e8 0.01799999976963808
3.1622776601683795e8 0.01799999976963808
3.5481338923357606e8 0.01799999976963808
3.9810717055349857e8 0.01799999976963808
4.466835921509635e8 0.01799999976963808
5.011872336272735e8 0.01799999976963808
5.623413251903491e8 0.01799999976963808
6.309573444801943e8 0.01799999976963808
7.079457843841403e8 0.01799999976963808
7.943282347242821e8 0.01799999976963808
8.912509381337477e8 0.01799999976963808
1.e9 0.01799999976963808
1.1220184543019652e9 0.01799999976963808
1.2589254117941713e9 0.01799999976963808
1.4125375446227555e9 0.01799999976963808
1.5848931924611173e9 0.01799999976963808
1.7782794100389228e9 0.01799999976963808
1.9952623149688828e9 0.01799999976963808
2.238721138568347e9 0.01799999976963808
2.511886431509582e9 0.01799999976963808
2.8183829312644606e9 0.01799999976963808
3.1622776601683793e9 0.01799999976963808
3.5481338923357606e9 0.01799999976963808
3.9810717055349855e9 0.01799999976963808
4.466835921509635e9 0.01799999976963808
5.011872336272736e9 0.01799999976963808
5.623413251903491e9 0.01799999976963808
6.309573444801943e9 0.01799999976963808
7.079457843841402e9 0.01799999976963808
7.943282347242822e9 0.01799999976963808
8.912509381337477e9 0.01799999976963808
1.e10 0.01799999976963808