#Columns: M [M_sun], f_PBH
1.e-7 1.
1.2589254117941662e-7 1.
1.584893192461114e-7 1.
1.9952623149688787e-7 1.
2.5118864315095823e-7 1.
3.162277660168379e-7 1.
3.981071705534969e-7 1.
5.011872336272725e-7 1.
6.30957344480193e-7 1.
7.943282347242822e-7 1.
1.e-6 1.
1.2589254117941661e-6 1.
1.584893192461114e-6 1.
1.9952623149688787e-6 1.
2.5118864315095823e-6 1.
3.162277660168379e-6 1.
3.981071705534969e-6 1.
5.011872336272725e-6 1.
6.30957344480193e-6 1.
7.943282347242822e-6 1.
0.00001 1.
0.000012589254117941688 1.
0.00001584893192461114 1.
0.000019952623149688786 0.9413977046668895
0.000025118864315095822 0.7864861299344109
0.000031622776601683795 0.6719452962107411
0.000039810717055349776 0.5874517248315833
0.00005011872336272725 0.5116240238077454
0.00006309573444801929 0.4447115642752901
0.00007943282347242822 0.3876684048046428
0.0001 0.33810328404199613
0.00012589254117941674 0.2949292849075862
0.00015848931924611142 0.25746362388868776
0.0001995262314968881 0.2249573100902719
0.0002511886431509582 0.1966971454488619
0.00031622776601683794 0.17216464367324688
0.00039810717055349735 0.15088487711647844
0.0005011872336272725 0.1324575620275289
0.0006309573444801936 0.11651151983596249
0.0007943282347242822 0.10274403350845476
0.001 0.09089029376579674
0.0012589254117941675 0.08072343485327398
0.001584893192461114 0.07205139852288217
0.0019952623149688807 0.06471581303183516
0.002511886431509582 0.058591092031954804
0.0031622776601683824 0.05358932843251892
0.003981071705534973 0.04967201587139806
0.005011872336272725 0.04688793828450678
0.006309573444801936 0.04563084844033591
0.00794328234724282 0.04563083778396902
0.010000000000000005 0.04563082525037614
0.012589254117941682 0.04563082774898805
0.01584893192461114 0.04563083583540018
0.01995262314968881 0.045630840645337435
0.025118864315095822 0.04563074225145322
0.03162277660168381 0.04563071971136494
0.039810717055349755 0.045630805026703025
0.050118723362727276 0.04563084438712178
0.06309573444801936 0.04563084438712178
0.07943282347242822 0.04563084438712178
0.10000000000000007 0.04563084438712178
0.1258925411794168 0.04563084438712178
0.15848931924611148 0.04563084438712178
0.19952623149688814 0.04563084438712178
0.25118864315095824 0.04563084438712178
0.31622776601683816 0.04563084438712178
0.3981071705534976 0.04563084438712178
0.5011872336272728 0.04563084438712178
0.6309573444801938 0.04563084438712178
0.7943282347242822 0.04563084438712178
1.0000000000000009 0.04563084438712178
1.2589254117941684 0.04563084438712178
1.584893192461115 0.04563084438712178
1.9952623149688813 0.04563084438712178
2.5118864315095824 0.04923211652348616
3.1622776601683826 0.053159616610883996
3.9810717055349762 0.05740043365529647
5.011872336272727 0.06197956256782828
6.30957344480194 0.06692399223267716
7.943282347242824 0.07226286457665738
10.00000000000001 0.07802764632852519
12.589254117941687 0.08425231448043285
15.848931924611149 0.09097355654459455
19.95262314968882 0.09823098678546872
25.11886431509582 0.10606737970189047
31.622776601683825 0.11452892213528365
39.81071705534978 0.12366548548984357
50.11872336272727 0.13353091966912994
63.09573444801939 0.14418337046150403
79.43282347242825 0.15568562224502686
100.0000000000001 0.1681054680317143
125.89254117941688 0.18151610903211993
158.48931924611156 0.1959965860952516
199.5262314968883 0.21163224556667723
251.18864315095823 0.2285152423105367
316.22776601683825 0.2467450828602154
398.1071705534977 0.2664292118989533
501.18723362727303 0.2876836455270361
630.9573444801943 0.31063365504798274
794.3282347242822 0.3354145053038853
1000.000000000001 0.3621722519115713
1258.9254117941687 0.3910646020984091
1584.8931924611159 0.4222618442114308
1995.262314968883 0.4559478513781957
2511.886431509582 0.49232116523486186
3162.2776601683827 0.53159616610884
3981.0717055349774 0.5740043365529608
5011.87233627273 0.6197956256782827
6309.573444801943 0.6692399223267722
7943.28234724283 0.7226286457665743
10000.00000000002 0.7802764632852556
12589.254117941688 0.8425231448043273
15848.931924611174 0.9097355654459447
19952.62314968883 0.9823098678546863
25118.864315095823 1.
31622.776601683858 1.
39810.71705534977 1.
50118.72336272735 1.
63095.73444801943 1.
79432.82347242821 1.
100000.0000000002 1.