#Columns: M [M_sun], f_PBH
1.e-7 1.
1.2589254117941662e-7 1.
1.584893192461114e-7 1.
1.9952623149688787e-7 1.
2.5118864315095823e-7 1.
3.162277660168379e-7 1.
3.981071705534969e-7 1.
5.011872336272725e-7 1.
6.30957344480193e-7 1.
7.943282347242822e-7 1.
1.e-6 1.
1.2589254117941661e-6 1.
1.584893192461114e-6 1.
1.9952623149688787e-6 1.
2.5118864315095823e-6 1.
3.162277660168379e-6 1.
3.981071705534969e-6 1.
5.011872336272725e-6 1.
6.30957344480193e-6 1.
7.943282347242822e-6 1.
0.00001 1.
0.000012589254117941688 1.
0.00001584893192461114 1.
0.000019952623149688786 1.
0.000025118864315095822 1.
0.000031622776601683795 1.
0.000039810717055349776 1.
0.00005011872336272725 1.
0.00006309573444801929 1.
0.00007943282347242822 1.
0.0001 1.
0.00012589254117941674 1.
0.00015848931924611142 1.
0.0001995262314968881 1.
0.0002511886431509582 1.
0.00031622776601683794 1.
0.00039810717055349735 1.
0.0005011872336272725 1.
0.0006309573444801936 1.
0.0007943282347242822 1.
0.001 1.
0.0012589254117941675 1.
0.001584893192461114 1.
0.0019952623149688807 1.
0.002511886431509582 1.
0.0031622776601683824 1.
0.003981071705534973 1.
0.005011872336272725 1.
0.006309573444801936 1.
0.00794328234724282 1.
0.010000000000000005 1.
0.012589254117941682 1.
0.01584893192461114 1.
0.01995262314968881 1.
0.025118864315095822 1.
0.03162277660168381 1.
0.039810717055349755 1.
0.050118723362727276 1.
0.06309573444801936 0.9413977046668889
0.07943282347242822 0.7864861299344106
0.10000000000000007 0.6719452962107403
0.1258925411794168 0.5874517248315833
0.15848931924611148 0.5116240238077453
0.19952623149688814 0.44471156427528963
0.25118864315095824 0.3876684048046428
0.31622776601683816 0.33810328404199597
0.3981071705534976 0.29492928490758596
0.5011872336272728 0.25746362388868765
0.6309573444801938 0.2249573100902719
0.7943282347242822 0.1966971454488619
1.0000000000000009 0.17216464367324683
1.2589254117941684 0.15088487711647833
1.584893192461115 0.13245756202752898
1.9952623149688813 0.11651151983596252
2.5118864315095824 0.11551120601584801
3.1622776601683826 0.1148106724690477
3.9810717055349762 0.11428629976786067
5.011872336272727 0.11396464965359078
6.30957344480194 0.11387668449377458
7.943282347242824 0.11406014806309125
10.00000000000001 0.11456250770653335
12.589254117941687 0.11544217609779688
15.848931924611149 0.11677422692872635
19.95262314968882 0.11865623357693221
25.11886431509582 0.12121863505264444
31.622776601683825 0.12464284608090823
39.81071705534978 0.1291963163839156
50.11872336272727 0.13532332968063387
63.09573444801939 0.14418338423811403
79.43282347242825 0.1556855800360796
100.0000000000001 0.16810548831251018
125.89254117941688 0.18151602935386565
158.48931924611156 0.19599660182486608
199.5262314968883 0.211632277786287
251.18864315095823 0.2285151991548703
316.22776601683825 0.24674537313154926
398.1071705534977 0.2664289567261079
501.18723362727303 0.2876830001974522
630.9573444801943 0.3106327876618022
794.3282347242822 0.33541369789071046
1000.000000000001 0.3621719436630787
1258.9254117941687 0.3910646020984091
1584.8931924611159 0.4222618442114308
1995.262314968883 0.4559478513781957
2511.886431509582 0.49232116523486186
3162.2776601683827 0.53159616610884
3981.0717055349774 0.5740043365529608
5011.87233627273 0.6197956256782827
6309.573444801943 0.6692399223267722
7943.28234724283 0.7226286457665743
10000.00000000002 0.7802764632852556
12589.254117941688 0.8425231448043273
15848.931924611174 0.9097355654459447
19952.62314968883 0.9823098678546863
25118.864315095823 1.
31622.776601683858 1.
39810.71705534977 1.
50118.72336272735 1.
63095.73444801943 1.
79432.82347242821 1.
100000.0000000002 1.