#Columns: M [M_sun], f_PBH
1.e-7 1.
1.7782794100389227e-7 1.
3.162277660168379e-7 1.
5.62341325190349e-7 1.
1.e-6 1.
1.778279410038923e-6 1.
3.162277660168379e-6 1.
5.623413251903491e-6 1.
0.00001 1.
0.00001778279410038923 1.
0.000031622776601683795 1.
0.00005623413251903491 1.
0.0001 1.
0.00017782794100389227 1.
0.00031622776601683794 1.
0.0005623413251903491 1.
0.001 1.
0.0017782794100389228 1.
0.0031622776601683794 1.
0.005623413251903491 1.
0.01 1.
0.01778279410038923 1.
0.03162277660168379 1.
0.05623413251903491 1.
0.1 1.
0.1778279410038923 1.
0.31622776601683794 1.
0.5623413251903491 1.
1. 0.4006919477759704
1.7782794100389228 0.13441868312752683
3.1622776601683795 0.08571050910218798
5.623413251903491 0.07252912244670276
10. 0.07802763377371602
17.78279410038923 0.09453257524790035
31.622776601683793 0.11452879860018524
56.23413251903491 0.13875505108123928
100. 0.16811569369571833
177.82794100389228 0.20366802571283546
316.22776601683796 0.24674508286021565
562.341325190349 0.29893849251575416
1000. 0.3621722519115687
1778.2794100389228 0.43878170037866926
3162.2776601683795 0.5315961661088401
5623.413251903491 0.6440434584617776
10000. 0.7802764632852559
17782.794100389227 0.9453265166469811
31622.776601683792 1.
56234.13251903491 1.
100000. 1.