#Columns: M_EDO [M_sun], f_EDO
0.0001 3.
0.0001122018454301963 3.
0.00012589254117941674 3.
0.0001412537544622754 3.
0.00015848931924611142 3.
0.00017782794100389227 3.
0.00019952623149688788 3.
0.000223872113856834 3.
0.00025118864315095795 3.
0.0002818382931264455 3.
0.00031622776601683794 3.
0.0003548133892335753 3.
0.00039810717055349735 3.
0.00044668359215096305 3.
0.0005011872336272725 3.
0.0005623413251903491 3.
0.000630957344480193 3.
0.000707945784384138 3.
0.0007943282347242813 3.
0.0008912509381337459 3.
0.001 3.
0.0011220184543019641 3.
0.0012589254117941675 3.
0.001412537544622754 3.
0.001584893192461114 3.
0.0017782794100389228 3.
0.0019952623149688807 3.
0.00223872113856834 3.
0.0025118864315095794 3.
0.002818382931264455 3.
0.0031622776601683794 3.
0.0035481338923357567 3.
0.003981071705534973 3.
0.0044668359215096305 3.
0.005011872336272725 3.
0.005623413251903491 3.
0.006309573444801936 3.
0.00707945784384138 3.
0.007943282347242814 3.
0.008912509381337459 3.
0.01 3.
0.011220184543019636 3.
0.012589254117941675 3.
0.014125375446227547 3.
0.01584893192461114 3.
0.017782794100389236 3.
0.0199526231496888 3.
0.0223872113856834 3.
0.025118864315095808 3.
0.02818382931264455 3.
0.03162277660168381 3.
0.03548133892335755 3.
0.039810717055349734 3.
0.04466835921509633 3.
0.05011872336272725 3.
0.05623413251903494 3.
0.06309573444801936 3.
0.0707945784384138 3.
0.07943282347242818 3.
0.08912509381337459 3.
0.10000000000000005 3.
0.11220184543019639 3.
0.12589254117941678 3.
0.14125375446227548 3.
0.15848931924611143 3.
0.17782794100389238 3.
0.19952623149688803 3.
0.22387211385683406 3.
0.25118864315095807 3.
0.2818382931264455 3.
0.3162277660168381 3.
0.35481338923357564 3.
0.3981071705534974 3.
0.4466835921509633 3.
0.5011872336272725 3.
0.5623413251903494 3.
0.6309573444801936 3.
0.7079457843841382 3.
0.7943282347242819 3.
0.891250938133746 3.
1.0000000000000004 3.
1.122018454301964 3.
1.258925411794168 3.
1.412537544622755 3.
1.5848931924611143 3.
1.7782794100389236 3.
1.9952623149688808 3.
2.2387211385683408 3.
2.5118864315095815 3.
2.8183829312644555 3.
3.162277660168381 3.
3.548133892335757 3.
3.9810717055349754 3.
4.466835921509634 3.
5.011872336272726 0.1634003274651896
5.623413251903494 0.115654283561676
6.309573444801936 0.10844662614152614
7.079457843841384 0.1115069014007794
7.943282347242819 0.1064546409789662
8.912509381337461 0.09061137830476865
10.000000000000005 0.07606891988304226
11.220184543019641 0.0656589835063402
12.589254117941682 0.05738500751101801
14.125375446227554 0.05085013417129643
15.848931924611142 0.04648683759217406
17.782794100389236 0.04365610329023532
19.952623149688808 0.041105306992767
22.38721138568341 0.03831341557340218
25.11886431509582 0.035865526535743
28.183829312644566 0.03371917380366675
31.62277660168381 0.03174123086869075
35.48133892335757 0.029894249484182137
39.810717055349755 0.028192067511074753
44.668359215096345 0.026626610508433877
50.11872336272727 0.02516055339876069
56.23413251903494 0.02378404796682382
63.095734448019364 0.022506074201917848
70.79457843841384 0.02132723366897602
79.43282347242821 0.020316275182338795
89.12509381337463 0.01971885188476988
100.0000000000001 0.019310070188516024
112.20184543019641 0.01901201019937928
125.89254117941688 0.018788273801084523
141.25375446227554 0.018617453216378647
158.48931924611142 0.01848548980950737
177.82794100389245 0.018382806392016445
199.52623149688807 0.01830244055126389
223.87211385683423 0.018239163251000095
251.18864315095823 0.01818957136686786
281.8382931264455 0.018150280073583415
316.22776601683825 0.018119243272630422
354.81338923357566 0.01809464572875191
398.1071705534977 0.018075132459814323
446.6835921509635 0.018060045911459936
501.18723362727246 0.01804743232587522
562.3413251903496 0.018037652028341223
630.9573444801937 0.018030002205053238
707.9457843841387 0.018023785681602757
794.3282347242822 0.018018881825267216
891.2509381337459 0.018015010086040967
1000.000000000001 0.018011929906292645
1122.018454301964 0.018009556055985074
1258.9254117941687 0.018059641420167135
1412.5375446227554 0.018053722327160758
1584.893192461114 0.018029760249460382
1778.2794100389247 0.018021006745044275
1995.262314968881 0.01801567669864993
2238.721138568342 0.018012072820112943
2511.886431509582 0.018009317152197977
2818.382931264458 0.01800606612955672
3162.2776601683827 0.018005709151784843
3548.1338923357566 0.018004508800986852
3981.0717055349774 0.018003040756163803
4466.835921509635 0.018002421479772646
5011.87233627273 0.018001930921266802
5623.4132519034965 0.01800153908975804
6309.573444801937 0.01799999982
7079.457843841388 0.01799999982
7943.282347242822 0.01799999982
8912.509381337468 0.01799999982
10000. 0.01799999982
11220.184543019654 0.01799999982
12589.254117941688 0.017999999863888682
14125.375446227554 0.017999999863888682
15848.93192461114 0.01799999982
17782.794100389263 0.01799999982
19952.62314968883 0.01799999982
22387.211385683422 0.017999999863888682
25118.864315095823 0.01799999988246865
28183.82931264455 0.01799999982
31622.776601683858 0.01799999982
35481.3389233576 0.01799999982
39810.71705534977 0.01799999982
44668.359215096345 0.01799999982
50118.72336272725 0.01799999982
56234.132519035025 0.01799999982
63095.73444801943 0.01799999982
70794.57843841388 0.017999999863888682
79432.82347242821 0.017999999863888682
89125.0938133746 0.01799999982
100000.0000000002 0.01799999982
112201.84543019652 0.01799999982
125892.54117941688 0.01799999982
141253.75446227554 0.01799999982
158489.3192461114 0.01799999982
177827.94100389266 0.01799999982
199526.2314968883 0.01799999982
223872.11385683424 0.01799999982
251188.6431509582 0.01799999982
281838.2931264455 0.01799999982
316227.7660168386 0.01799999982
354813.389233576 0.01799999982
398107.17055349774 0.01799999982
446683.5921509635 0.01799999982
501187.2336272725 0.01799999982
562341.3251903502 0.01799999982
630957.3444801943 0.01799999982
707945.7843841388 0.01799999982
794328.2347242822 0.01799999982
891250.9381337459 0.01799999982
1.0000000000000021e6 0.01799999982
1.1220184543019652e6 0.01799999982
1.2589254117941686e6 0.01799999982
1.4125375446227554e6 0.01799999982
1.5848931924611141e6 0.01799999982
1.7782794100389264e6 0.01799999982
1.9952623149688828e6 0.01799999982
2.238721138568342e6 0.01799999982
2.5118864315095823e6 0.01799999982
2.818382931264455e6 0.01799999982
3.1622776601683856e6 0.01799999982
3.5481338923357604e6 0.01799999982
3.9810717055349774e6 0.01799999982
4.466835921509635e6 0.01799999982
5.011872336272725e6 0.01799999982
5.623413251903502e6 0.01799999982
6.309573444801942e6 0.01799999982
7.079457843841388e6 0.01799999982
7.943282347242822e6 0.01799999982
8.912509381337458e6 0.01799999982
1.000000000000002e7 0.01799999982
1.1220184543019652e7 0.01799999982
1.2589254117941687e7 0.01799999982
1.4125375446227554e7 0.01799999982
1.5848931924611174e7 0.01799999982
1.7782794100389265e7 0.01799999982
1.995262314968883e7 0.01799999982
2.2387211385683425e7 0.01799999982
2.5118864315095823e7 0.01799999982
2.818382931264461e7 0.01799999982
3.162277660168386e7 0.01799999982
3.5481338923357606e7 0.01799999982
3.9810717055349775e7 0.01799999982
4.466835921509635e7 0.01799999982
5.011872336272735e7 0.01799999982
5.623413251903503e7 0.01799999982
6.309573444801943e7 0.01799999982
7.079457843841387e7 0.01799999982
7.943282347242822e7 0.01799999982
8.912509381337477e7 0.01799999982
1.e8 0.01799999982
1.1220184543019652e8 0.01799999982
1.2589254117941713e8 0.01799999982
1.4125375446227553e8 0.01799999982
1.5848931924611175e8 0.01799999982
1.7782794100389227e8 0.01799999982
1.9952623149688828e8 0.01799999982
2.2387211385683468e8 0.01799999982
2.511886431509582e8 0.01799999982
2.8183829312644607e8 0.01799999982
3.1622776601683795e8 0.01799999982
3.5481338923357606e8 0.01799999982
3.9810717055349857e8 0.01799999982
4.466835921509635e8 0.01799999982
5.011872336272735e8 0.01799999982
5.623413251903491e8 0.01799999982
6.309573444801943e8 0.01799999982
7.079457843841403e8 0.01799999982
7.943282347242821e8 0.01799999982
8.912509381337477e8 0.01799999982
1.e9 0.01799999982
1.1220184543019652e9 0.01799999982
1.2589254117941713e9 0.01799999982
1.4125375446227555e9 0.01799999982
1.5848931924611173e9 0.01799999982
1.7782794100389228e9 0.01799999982
1.9952623149688828e9 0.01799999982
2.238721138568347e9 0.01799999982
2.511886431509582e9 0.01799999982
2.8183829312644606e9 0.01799999982
3.1622776601683793e9 0.01799999982
3.5481338923357606e9 0.01799999982
3.9810717055349855e9 0.01799999982
4.466835921509635e9 0.01799999982
5.011872336272736e9 0.01799999982
5.623413251903491e9 0.01799999982
6.309573444801943e9 0.01799999982
7.079457843841402e9 0.01799999982
7.943282347242822e9 0.01799999982
8.912509381337477e9 0.01799999982
1.e10 0.01799999982