#Columns: M_EDO [M_sun], f_EDO
0.0001 3.
0.0001122018454301963 3.
0.00012589254117941674 3.
0.0001412537544622754 3.
0.00015848931924611142 3.
0.00017782794100389227 3.
0.00019952623149688788 3.
0.000223872113856834 3.
0.00025118864315095795 3.
0.0002818382931264455 3.
0.00031622776601683794 3.
0.0003548133892335753 3.
0.00039810717055349735 3.
0.00044668359215096305 3.
0.0005011872336272725 3.
0.0005623413251903491 3.
0.000630957344480193 3.
0.000707945784384138 3.
0.0007943282347242813 3.
0.0008912509381337459 3.
0.001 3.
0.0011220184543019641 3.
0.0012589254117941675 3.
0.001412537544622754 3.
0.001584893192461114 3.
0.0017782794100389228 3.
0.0019952623149688807 3.
0.00223872113856834 3.
0.0025118864315095794 3.
0.002818382931264455 3.
0.0031622776601683794 3.
0.0035481338923357567 3.
0.003981071705534973 3.
0.0044668359215096305 3.
0.005011872336272725 3.
0.005623413251903491 3.
0.006309573444801936 3.
0.00707945784384138 3.
0.007943282347242814 3.
0.008912509381337459 3.
0.01 3.
0.011220184543019636 3.
0.012589254117941675 3.
0.014125375446227547 3.
0.01584893192461114 3.
0.017782794100389236 3.
0.0199526231496888 3.
0.0223872113856834 3.
0.025118864315095808 3.
0.02818382931264455 3.
0.03162277660168381 3.
0.03548133892335755 3.
0.039810717055349734 3.
0.04466835921509633 3.
0.05011872336272725 3.
0.05623413251903494 3.
0.06309573444801936 3.
0.0707945784384138 3.
0.07943282347242818 1.2741075771095827
0.08912509381337459 0.860376890741534
0.10000000000000005 0.8007637193832502
0.11220184543019639 0.8309188664827418
0.12589254117941678 0.8130494838028635
0.14125375446227548 0.6993237652057039
0.15848931924611143 0.5838027779069423
0.17782794100389238 0.5027857953399735
0.19952623149688803 0.43942592880717596
0.22387211385683406 0.38892856255655617
0.25118864315095807 0.35479599845218784
0.2818382931264455 0.33346061263212806
0.3162277660168381 0.31452045203866136
0.35481338923357564 0.2942957554267753
0.3981071705534974 0.2755736446384506
0.4466835921509633 0.2592473040951661
0.5011872336272725 0.24423681143855433
0.5623413251903494 0.23012486427858134
0.6309573444801936 0.2170882068627192
0.7079457843841382 0.2050969577545199
0.7943282347242819 0.19386916366392465
0.891250938133746 0.18329891831327655
1.0000000000000004 0.1734658822093989
1.122018454301964 0.164396360381958
1.258925411794168 0.15638753220340898
1.412537544622755 0.15179067023562093
1.5848931924611143 0.14879253463616596
1.7782794100389236 0.1466731664189258
1.9952623149688808 0.1451212439202435
2.2387211385683408 0.14395998542651434
2.5118864315095815 0.14307824005469172
2.8183829312644555 0.14240266310512295
3.162277660168381 0.14188215546334498
3.548133892335757 0.1414776588642505
3.9810717055349754 0.14116222316205843
4.466835921509634 0.14091577291189508
5.011872336272726 0.14072093257020668
5.623413251903494 0.14057039381463438
6.309573444801936 0.1404508572755239
7.079457843841384 0.14035660961778246
7.943282347242819 0.14028208285168295
8.912509381337461 0.1402234529864144
10.000000000000005 0.1401769961533113
11.220184543019641 0.14014033774169388
12.589254117941682 0.140111241001205
14.125375446227554 0.1400882998707737
15.848931924611142 0.14006997188521558
17.782794100389236 0.1400554781708078
19.952623149688808 0.14043618671168112
22.38721138568341 0.14047266209816228
25.11886431509582 0.14023627637523794
28.183829312644566 0.1401585622800796
31.62277660168381 0.14011423481753432
35.48133892335757 0.14008480288455188
39.810717055349755 0.1400642040037868
44.668359215096345 0.1400497688273267
50.11872336272727 0.14003802868100165
56.23413251903494 0.14002956759607332
63.095734448019364 0.14002312754900278
70.79457843841384 0.13999999860000004
79.43282347242821 0.14001039087094022
89.12509381337463 0.14000822462388576
100.0000000000001 0.13999999860000004
112.20184543019641 0.13999999860000004
125.89254117941688 0.13999999860000004
141.25375446227554 0.13999999727103124
158.48931924611142 0.13999999722212028
177.82794100389245 0.13999999860000004
199.52623149688807 0.13999999860000004
223.87211385683423 0.13999999860000004
251.18864315095823 0.13999999860000004
281.8382931264455 0.13999999860000004
316.22776601683825 0.13999999860000004
354.81338923357566 0.13999999860000004
398.1071705534977 0.13999999860000004
446.6835921509635 0.13999999727103124
501.18723362727246 0.13999999727103124
562.3413251903496 0.13999999860000004
630.9573444801937 0.13999999860000004
707.9457843841387 0.13999999860000004
794.3282347242822 0.13999999860000004
891.2509381337459 0.13999999722212025
1000.000000000001 0.1400000649554017
1122.018454301964 0.13999999860000004
1258.9254117941687 0.13999999860000004
1412.5375446227554 0.13999999860000004
1584.893192461114 0.13999999860000004
1778.2794100389247 0.13999999860000004
1995.262314968881 0.13999999860000004
2238.721138568342 0.13999999860000004
2511.886431509582 0.13999999860000004
2818.382931264458 0.13999999860000004
3162.2776601683827 0.13999999860000004
3548.1338923357566 0.13999999860000004
3981.0717055349774 0.13999999860000004
4466.835921509635 0.13999999860000004
5011.87233627273 0.13999999860000004
5623.4132519034965 0.13999999860000004
6309.573444801937 0.13999999860000004
7079.457843841388 0.13999999860000004
7943.282347242822 0.13999999860000004
8912.509381337468 0.13999999860000004
10000. 0.13999999860000004
11220.184543019654 0.13999999860000004
12589.254117941688 0.13999999860000004
14125.375446227554 0.13999999860000004
15848.93192461114 0.13999999860000004
17782.794100389263 0.13999999860000004
19952.62314968883 0.13999999860000004
22387.211385683422 0.13999999860000004
25118.864315095823 0.13999999860000004
28183.82931264455 0.13999999860000004
31622.776601683858 0.13999999860000004
35481.3389233576 0.13999999860000004
39810.71705534977 0.13999999860000004
44668.359215096345 0.13999999860000004
50118.72336272725 0.13999999860000004
56234.132519035025 0.13999999860000004
63095.73444801943 0.13999999860000004
70794.57843841388 0.13999999860000004
79432.82347242821 0.13999999860000004
89125.0938133746 0.13999999860000004
100000.0000000002 0.13999999860000004
112201.84543019652 0.13999999860000004
125892.54117941688 0.13999999860000004
141253.75446227554 0.13999999860000004
158489.3192461114 0.13999999860000004
177827.94100389266 0.13999999860000004
199526.2314968883 0.13999999860000004
223872.11385683424 0.13999999860000004
251188.6431509582 0.13999999860000004
281838.2931264455 0.13999999860000004
316227.7660168386 0.13999999860000004
354813.389233576 0.13999999860000004
398107.17055349774 0.13999999860000004
446683.5921509635 0.13999999860000004
501187.2336272725 0.13999999860000004
562341.3251903502 0.13999999860000004
630957.3444801943 0.13999999860000004
707945.7843841388 0.13999999860000004
794328.2347242822 0.13999999860000004
891250.9381337459 0.13999999860000004
1.0000000000000021e6 0.13999999860000004
1.1220184543019652e6 0.13999999860000004
1.2589254117941686e6 0.13999999860000004
1.4125375446227554e6 0.13999999860000004
1.5848931924611141e6 0.13999999860000004
1.7782794100389264e6 0.13999999860000004
1.9952623149688828e6 0.13999999860000004
2.238721138568342e6 0.13999999860000004
2.5118864315095823e6 0.13999999860000004
2.818382931264455e6 0.13999999860000004
3.1622776601683856e6 0.13999999860000004
3.5481338923357604e6 0.13999999860000004
3.9810717055349774e6 0.13999999860000004
4.466835921509635e6 0.13999999860000004
5.011872336272725e6 0.13999999860000004
5.623413251903502e6 0.13999999860000004
6.309573444801942e6 0.13999999860000004
7.079457843841388e6 0.13999999860000004
7.943282347242822e6 0.13999999860000004
8.912509381337458e6 0.13999999860000004
1.000000000000002e7 0.13999999860000004
1.1220184543019652e7 0.13999999860000004
1.2589254117941687e7 0.13999999860000004
1.4125375446227554e7 0.13999999860000004
1.5848931924611174e7 0.13999999860000004
1.7782794100389265e7 0.13999999860000004
1.995262314968883e7 0.13999999860000004
2.2387211385683425e7 0.13999999860000004
2.5118864315095823e7 0.13999999860000004
2.818382931264461e7 0.13999999860000004
3.162277660168386e7 0.13999999860000004
3.5481338923357606e7 0.13999999860000004
3.9810717055349775e7 0.13999999860000004
4.466835921509635e7 0.13999999860000004
5.011872336272735e7 0.13999999860000004
5.623413251903503e7 0.13999999860000004
6.309573444801943e7 0.13999999860000004
7.079457843841387e7 0.13999999860000004
7.943282347242822e7 0.13999999860000004
8.912509381337477e7 0.13999999860000004
1.e8 0.13999999860000004
1.1220184543019652e8 0.13999999860000004
1.2589254117941713e8 0.13999999860000004
1.4125375446227553e8 0.13999999860000004
1.5848931924611175e8 0.13999999860000004
1.7782794100389227e8 0.13999999860000004
1.9952623149688828e8 0.13999999860000004
2.2387211385683468e8 0.13999999860000004
2.511886431509582e8 0.13999999860000004
2.8183829312644607e8 0.13999999860000004
3.1622776601683795e8 0.13999999860000004
3.5481338923357606e8 0.13999999860000004
3.9810717055349857e8 0.13999999860000004
4.466835921509635e8 0.13999999860000004
5.011872336272735e8 0.13999999860000004
5.623413251903491e8 0.13999999860000004
6.309573444801943e8 0.13999999860000004
7.079457843841403e8 0.13999999860000004
7.943282347242821e8 0.13999999860000004
8.912509381337477e8 0.13999999860000004
1.e9 0.13999999860000004
1.1220184543019652e9 0.13999999860000004
1.2589254117941713e9 0.13999999860000004
1.4125375446227555e9 0.13999999860000004
1.5848931924611173e9 0.13999999860000004
1.7782794100389228e9 0.13999999860000004
1.9952623149688828e9 0.13999999860000004
2.238721138568347e9 0.13999999860000004
2.511886431509582e9 0.13999999860000004
2.8183829312644606e9 0.13999999860000004
3.1622776601683793e9 0.13999999860000004
3.5481338923357606e9 0.13999999860000004
3.9810717055349855e9 0.13999999860000004
4.466835921509635e9 0.13999999860000004
5.011872336272736e9 0.13999999860000004
5.623413251903491e9 0.13999999860000004
6.309573444801943e9 0.13999999860000004
7.079457843841402e9 0.13999999860000004
7.943282347242822e9 0.13999999860000004
8.912509381337477e9 0.13999999860000004
1.e10 0.13999999860000004