#Columns: M_EDO [M_sun], f_EDO
0.0001 3.
0.0001122018454301963 3.
0.00012589254117941674 3.
0.0001412537544622754 3.
0.00015848931924611142 3.
0.00017782794100389227 3.
0.00019952623149688788 3.
0.000223872113856834 3.
0.00025118864315095795 3.
0.0002818382931264455 3.
0.00031622776601683794 3.
0.0003548133892335753 3.
0.00039810717055349735 3.
0.00044668359215096305 3.
0.0005011872336272725 3.
0.0005623413251903491 3.
0.000630957344480193 3.
0.000707945784384138 3.
0.0007943282347242813 3.
0.0008912509381337459 3.
0.001 3.
0.0011220184543019641 3.
0.0012589254117941675 3.
0.001412537544622754 3.
0.001584893192461114 3.
0.0017782794100389228 3.
0.0019952623149688807 3.
0.00223872113856834 3.
0.0025118864315095794 3.
0.002818382931264455 3.
0.0031622776601683794 3.
0.0035481338923357567 3.
0.003981071705534973 3.
0.0044668359215096305 3.
0.005011872336272725 3.
0.005623413251903491 3.
0.006309573444801936 3.
0.00707945784384138 3.
0.007943282347242814 3.
0.008912509381337459 3.
0.01 3.
0.011220184543019636 3.
0.012589254117941675 3.
0.014125375446227547 3.
0.01584893192461114 3.
0.017782794100389236 3.
0.0199526231496888 3.
0.0223872113856834 3.
0.025118864315095808 3.
0.02818382931264455 3.
0.03162277660168381 3.
0.03548133892335755 3.
0.039810717055349734 3.
0.04466835921509633 3.
0.05011872336272725 3.
0.05623413251903494 3.
0.06309573444801936 3.
0.0707945784384138 3.
0.07943282347242818 3.
0.08912509381337459 3.
0.10000000000000005 3.
0.11220184543019639 3.
0.12589254117941678 3.
0.14125375446227548 3.
0.15848931924611143 3.
0.17782794100389238 3.
0.19952623149688803 3.
0.22387211385683406 3.
0.25118864315095807 3.
0.2818382931264455 3.
0.3162277660168381 3.
0.35481338923357564 3.
0.3981071705534974 3.
0.4466835921509633 3.
0.5011872336272725 3.
0.5623413251903494 3.
0.6309573444801936 3.
0.7079457843841382 3.
0.7943282347242819 3.
0.891250938133746 3.
1.0000000000000004 3.
1.122018454301964 3.
1.258925411794168 3.
1.412537544622755 3.
1.5848931924611143 3.
1.7782794100389236 3.
1.9952623149688808 3.
2.2387211385683408 3.
2.5118864315095815 3.
2.8183829312644555 3.
3.162277660168381 3.
3.548133892335757 3.
3.9810717055349754 3.
4.466835921509634 3.
5.011872336272726 3.
5.623413251903494 3.
6.309573444801936 3.
7.079457843841384 3.
7.943282347242819 3.
8.912509381337461 3.
10.000000000000005 3.
11.220184543019641 3.
12.589254117941682 3.
14.125375446227554 3.
15.848931924611142 3.
17.782794100389236 3.
19.952623149688808 3.
22.38721138568341 3.
25.11886431509582 3.
28.183829312644566 3.
31.62277660168381 3.
35.48133892335757 3.
39.810717055349755 3.
44.668359215096345 3.
50.11872336272727 3.
56.23413251903494 1.827885058080219
63.095734448019364 1.28500611228278
70.79457843841384 0.9627896930511415
79.43282347242821 0.7455928160758316
89.12509381337463 0.5903612295074709
100.0000000000001 0.47613734046844897
112.20184543019641 0.39042083194344646
125.89254117941688 0.3249903305210342
141.25375446227554 0.2745357577131375
158.48931924611142 0.23547911744415995
177.82794100389245 0.20521129373197172
199.52623149688807 0.1818200301447686
223.87211385683423 0.16780398161915283
251.18864315095823 0.16000981985588436
281.8382931264455 0.1548419165498538
316.22776601683825 0.1512067505874948
354.81338923357566 0.14856337358938043
398.1071705534977 0.14659891372692052
446.6835921509635 0.14511688228084843
501.18723362727246 0.14741554226364043
562.3413251903496 0.1564193042051789
630.9573444801937 0.16684889884506016
707.9457843841387 0.17425391583418612
794.3282347242822 0.17112396271006716
891.2509381337459 0.15713855010322544
1000.000000000001 0.1511513410174591
1122.018454301964 0.14791080332344989
1258.9254117941687 0.14582164457869895
1412.5375446227554 0.14437468834662784
1584.893192461114 0.14333199861670298
1778.2794100389247 0.1425607099209165
1995.262314968881 0.1419817278869281
2238.721138568342 0.14154026090997018
2511.886431509582 0.1416631786939928
2818.382931264458 0.1414449171245771
3162.2776601683827 0.14097741991987725
3548.1338923357566 0.14073753310284173
3981.0717055349774 0.1405684013447719
4466.835921509635 0.14044205868355114
5011.87233627273 0.1403460921462096
5623.4132519034965 0.1402712731177268
6309.573444801937 0.14021335384038913
7079.457843841388 0.14016816040680732
7943.282347242822 0.14013278004830343
8912.509381337468 0.13999999860000004
10000. 0.14006211597723733
11220.184543019654 0.14004925025015186
12589.254117941688 0.1400390722625769
14125.375446227554 0.14003101491539086
15848.93192461114 0.14002464144221635
17782.794100389263 0.13999999727103124
19952.62314968883 0.13999999722212025
22387.211385683422 0.13999999722212025
25118.864315095823 0.13999999722212025
28183.82931264455 0.13999999722212025
31622.776601683858 0.13999999722212025
35481.3389233576 0.13999999748334221
39810.71705534977 0.13999999860000004
44668.359215096345 0.13999999860000004
50118.72336272725 0.13999999860000004
56234.132519035025 0.13999999753225315
63095.73444801943 0.13999999753225317
70794.57843841388 0.13999999860000004
79432.82347242821 0.13999999860000004
89125.0938133746 0.13999999860000004
100000.0000000002 0.13999999860000004
112201.84543019652 0.13999999722212028
125892.54117941688 0.13999999860000004
141253.75446227554 0.13999999860000004
158489.3192461114 0.13999999860000004
177827.94100389266 0.13999999860000004
199526.2314968883 0.13999999860000004
223872.11385683424 0.13999999860000004
251188.6431509582 0.13999999860000004
281838.2931264455 0.13999999860000004
316227.7660168386 0.13999999860000004
354813.389233576 0.13999999860000004
398107.17055349774 0.13999999860000004
446683.5921509635 0.13999999860000004
501187.2336272725 0.13999999860000004
562341.3251903502 0.13999999860000004
630957.3444801943 0.13999999860000004
707945.7843841388 0.13999999860000004
794328.2347242822 0.13999999860000004
891250.9381337459 0.13999999860000004
1.0000000000000021e6 0.13999999860000004
1.1220184543019652e6 0.13999999860000004
1.2589254117941686e6 0.13999999860000004
1.4125375446227554e6 0.13999999860000004
1.5848931924611141e6 0.13999999860000004
1.7782794100389264e6 0.13999999860000004
1.9952623149688828e6 0.13999999860000004
2.238721138568342e6 0.13999999860000004
2.5118864315095823e6 0.13999999860000004
2.818382931264455e6 0.13999999860000004
3.1622776601683856e6 0.13999999860000004
3.5481338923357604e6 0.13999999860000004
3.9810717055349774e6 0.13999999860000004
4.466835921509635e6 0.13999999860000004
5.011872336272725e6 0.13999999860000004
5.623413251903502e6 0.13999999860000004
6.309573444801942e6 0.13999999860000004
7.079457843841388e6 0.13999999860000004
7.943282347242822e6 0.13999999860000004
8.912509381337458e6 0.13999999860000004
1.000000000000002e7 0.13999999860000004
1.1220184543019652e7 0.13999999860000004
1.2589254117941687e7 0.13999999860000004
1.4125375446227554e7 0.13999999860000004
1.5848931924611174e7 0.13999999860000004
1.7782794100389265e7 0.13999999860000004
1.995262314968883e7 0.13999999860000004
2.2387211385683425e7 0.13999999860000004
2.5118864315095823e7 0.13999999860000004
2.818382931264461e7 0.13999999860000004
3.162277660168386e7 0.13999999860000004
3.5481338923357606e7 0.13999999860000004
3.9810717055349775e7 0.13999999860000004
4.466835921509635e7 0.13999999860000004
5.011872336272735e7 0.13999999860000004
5.623413251903503e7 0.13999999860000004
6.309573444801943e7 0.13999999860000004
7.079457843841387e7 0.13999999860000004
7.943282347242822e7 0.13999999860000004
8.912509381337477e7 0.13999999860000004
1.e8 0.13999999860000004
1.1220184543019652e8 0.13999999860000004
1.2589254117941713e8 0.13999999860000004
1.4125375446227553e8 0.13999999860000004
1.5848931924611175e8 0.13999999860000004
1.7782794100389227e8 0.13999999860000004
1.9952623149688828e8 0.13999999860000004
2.2387211385683468e8 0.13999999860000004
2.511886431509582e8 0.13999999860000004
2.8183829312644607e8 0.13999999860000004
3.1622776601683795e8 0.13999999860000004
3.5481338923357606e8 0.13999999860000004
3.9810717055349857e8 0.13999999860000004
4.466835921509635e8 0.13999999860000004
5.011872336272735e8 0.13999999860000004
5.623413251903491e8 0.13999999860000004
6.309573444801943e8 0.13999999860000004
7.079457843841403e8 0.13999999860000004
7.943282347242821e8 0.13999999860000004
8.912509381337477e8 0.13999999860000004
1.e9 0.13999999860000004
1.1220184543019652e9 0.13999999860000004
1.2589254117941713e9 0.13999999860000004
1.4125375446227555e9 0.13999999860000004
1.5848931924611173e9 0.13999999860000004
1.7782794100389228e9 0.13999999860000004
1.9952623149688828e9 0.13999999860000004
2.238721138568347e9 0.13999999860000004
2.511886431509582e9 0.13999999860000004
2.8183829312644606e9 0.13999999860000004
3.1622776601683793e9 0.13999999860000004
3.5481338923357606e9 0.13999999860000004
3.9810717055349855e9 0.13999999860000004
4.466835921509635e9 0.13999999860000004
5.011872336272736e9 0.13999999860000004
5.623413251903491e9 0.13999999860000004
6.309573444801943e9 0.13999999860000004
7.079457843841402e9 0.13999999860000004
7.943282347242822e9 0.13999999860000004
8.912509381337477e9 0.13999999860000004
1.e10 0.13999999860000004