#Columns: M_EDO [M_sun], f_EDO
0.0001 3.
0.0001122018454301963 3.
0.00012589254117941674 3.
0.0001412537544622754 3.
0.00015848931924611142 3.
0.00017782794100389227 3.
0.00019952623149688788 3.
0.000223872113856834 3.
0.00025118864315095795 3.
0.0002818382931264455 3.
0.00031622776601683794 3.
0.0003548133892335753 3.
0.00039810717055349735 3.
0.00044668359215096305 3.
0.0005011872336272725 3.
0.0005623413251903491 3.
0.000630957344480193 3.
0.000707945784384138 3.
0.0007943282347242813 3.
0.0008912509381337459 3.
0.001 3.
0.0011220184543019641 3.
0.0012589254117941675 3.
0.001412537544622754 3.
0.001584893192461114 3.
0.0017782794100389228 3.
0.0019952623149688807 3.
0.00223872113856834 3.
0.0025118864315095794 3.
0.002818382931264455 3.
0.0031622776601683794 3.
0.0035481338923357567 3.
0.003981071705534973 3.
0.0044668359215096305 3.
0.005011872336272725 3.
0.005623413251903491 3.
0.006309573444801936 3.
0.00707945784384138 3.
0.007943282347242814 3.
0.008912509381337459 3.
0.01 3.
0.011220184543019636 3.
0.012589254117941675 3.
0.014125375446227547 3.
0.01584893192461114 3.
0.017782794100389236 3.
0.0199526231496888 3.
0.0223872113856834 3.
0.025118864315095808 3.
0.02818382931264455 3.
0.03162277660168381 3.
0.03548133892335755 3.
0.039810717055349734 3.
0.04466835921509633 3.
0.05011872336272725 3.
0.05623413251903494 3.
0.06309573444801936 3.
0.0707945784384138 3.
0.07943282347242818 3.
0.08912509381337459 3.
0.10000000000000005 3.
0.11220184543019639 3.
0.12589254117941678 3.
0.14125375446227548 3.
0.15848931924611143 3.
0.17782794100389238 3.
0.19952623149688803 3.
0.22387211385683406 3.
0.25118864315095807 3.
0.2818382931264455 3.
0.3162277660168381 3.
0.35481338923357564 3.
0.3981071705534974 3.
0.4466835921509633 3.
0.5011872336272725 3.
0.5623413251903494 3.
0.6309573444801936 3.
0.7079457843841382 3.
0.7943282347242819 3.
0.891250938133746 3.
1.0000000000000004 3.
1.122018454301964 3.
1.258925411794168 3.
1.412537544622755 3.
1.5848931924611143 3.
1.7782794100389236 3.
1.9952623149688808 3.
2.2387211385683408 3.
2.5118864315095815 3.
2.8183829312644555 3.
3.162277660168381 3.
3.548133892335757 3.
3.9810717055349754 3.
4.466835921509634 3.
5.011872336272726 3.
5.623413251903494 3.
6.309573444801936 3.
7.079457843841384 3.
7.943282347242819 3.
8.912509381337461 3.
10.000000000000005 3.
11.220184543019641 3.
12.589254117941682 3.
14.125375446227554 3.
15.848931924611142 3.
17.782794100389236 3.
19.952623149688808 3.
22.38721138568341 3.
25.11886431509582 3.
28.183829312644566 3.
31.62277660168381 3.
35.48133892335757 3.
39.810717055349755 3.
44.668359215096345 3.
50.11872336272727 3.
56.23413251903494 3.
63.095734448019364 3.
70.79457843841384 3.
79.43282347242821 3.
89.12509381337463 3.
100.0000000000001 3.
112.20184543019641 3.
125.89254117941688 3.
141.25375446227554 3.
158.48931924611142 3.
177.82794100389245 3.
199.52623149688807 3.
223.87211385683423 3.
251.18864315095823 3.
281.8382931264455 3.
316.22776601683825 3.
354.81338923357566 3.
398.1071705534977 3.
446.6835921509635 3.
501.18723362727246 3.
562.3413251903496 3.
630.9573444801937 3.
707.9457843841387 3.
794.3282347242822 3.
891.2509381337459 3.
1000.000000000001 3.
1122.018454301964 3.
1258.9254117941687 3.
1412.5375446227554 3.
1584.893192461114 3.
1778.2794100389247 3.
1995.262314968881 3.
2238.721138568342 3.
2511.886431509582 3.
2818.382931264458 3.
3162.2776601683827 3.
3548.1338923357566 3.
3981.0717055349774 3.
4466.835921509635 3.
5011.87233627273 3.
5623.4132519034965 3.
6309.573444801937 3.
7079.457843841388 3.
7943.282347242822 3.
8912.509381337468 3.
10000. 3.
11220.184543019654 3.
12589.254117941688 3.
14125.375446227554 3.
15848.93192461114 3.
17782.794100389263 3.
19952.62314968883 3.
22387.211385683422 3.
25118.864315095823 3.
28183.82931264455 3.
31622.776601683858 3.
35481.3389233576 3.
39810.71705534977 3.
44668.359215096345 3.
50118.72336272725 3.
56234.132519035025 3.
63095.73444801943 3.
70794.57843841388 3.
79432.82347242821 3.
89125.0938133746 3.
100000.0000000002 3.
112201.84543019652 3.
125892.54117941688 3.
141253.75446227554 3.
158489.3192461114 3.
177827.94100389266 3.
199526.2314968883 3.
223872.11385683424 3.
251188.6431509582 3.
281838.2931264455 3.
316227.7660168386 3.
354813.389233576 3.
398107.17055349774 3.
446683.5921509635 3.
501187.2336272725 3.
562341.3251903502 3.
630957.3444801943 3.
707945.7843841388 3.
794328.2347242822 3.
891250.9381337459 3.
1.0000000000000021e6 3.
1.1220184543019652e6 3.
1.2589254117941686e6 3.
1.4125375446227554e6 3.
1.5848931924611141e6 3.
1.7782794100389264e6 3.
1.9952623149688828e6 3.
2.238721138568342e6 3.
2.5118864315095823e6 3.
2.818382931264455e6 3.
3.1622776601683856e6 3.
3.5481338923357604e6 3.
3.9810717055349774e6 3.
4.466835921509635e6 3.
5.011872336272725e6 3.
5.623413251903502e6 3.
6.309573444801942e6 3.
7.079457843841388e6 3.
7.943282347242822e6 3.
8.912509381337458e6 3.
1.000000000000002e7 3.
1.1220184543019652e7 3.
1.2589254117941687e7 3.
1.4125375446227554e7 3.
1.5848931924611174e7 3.
1.7782794100389265e7 3.
1.995262314968883e7 3.
2.2387211385683425e7 3.
2.5118864315095823e7 3.
2.818382931264461e7 3.
3.162277660168386e7 0.39723234837386595
3.5481338923357606e7 0.2394119336445736
3.9810717055349775e7 0.1688602976678453
4.466835921509635e7 0.12644802280441517
5.011872336272735e7 0.09782535108727242
5.623413251903503e7 0.07734387231404295
6.309573444801943e7 0.06238187147007072
7.079457843841387e7 0.05113407034247707
7.943282347242822e7 0.042554859116637214
8.912509381337477e7 0.035923172646499364
1.e8 0.030832675984103115
1.1220184543019652e8 0.026870934187332805
1.2589254117941713e8 0.023805958509562342
1.4125375446227553e8 0.022035557132352435
1.5848931924611175e8 0.020973488571703985
1.7782794100389227e8 0.02024552055364265
1.9952623149688828e8 0.019721138953789647
2.2387211385683468e8 0.01933231758376007
2.511886431509582e8 0.0190381339862756
2.8183829312644607e8 0.01881299436272155
3.1622776601683795e8 0.01916865910770446
3.5481338923357606e8 0.020265810168878687
3.9810717055349857e8 0.021482551199525763
4.466835921509635e8 0.022296178632402644
5.011872336272735e8 0.021748125492135773
5.623413251903491e8 0.020145908204801662
6.309573444801943e8 0.019475764642498335
7.079457843841403e8 0.01908539831144494
7.943282347242821e8 0.018821825359313135
8.912509381337477e8 0.01863236103726842
1.e9 0.018491506384012993
1.1220184543019652e9 0.018384565849507224
1.2589254117941713e9 0.018302250528943645
1.4125375446227555e9 0.018238298078914125
1.5848931924611173e9 0.018250900736216914
1.7782794100389228e9 0.018201974784230444
1.9952623149688828e9 0.018146807648929546
2.238721138568347e9 0.01811345251449235
2.511886431509582e9 0.018088848352620552
2.8183829312644606e9 0.018070021594878635
3.1622776601683793e9 0.01805534921941346
3.5481338923357606e9 0.018043819276535113
3.9810717055349855e9 0.01803472875773345
4.466835921509635e9 0.018027564691364344
5.011872336272736e9 0.018019135578306335
5.623413251903491e9 0.018015227590119056
6.309573444801943e9 0.01801212878455675
7.079457843841402e9 0.018009634107852647
7.943282347242822e9 0.018007674777168473
8.912509381337477e9 0.018006097498781192
1.e10 0.01799999982